<svg style="position: absolute; height: 169.5%; max-height: 1000px; margin: -15.45% -15.3% -15.5%; mix-blend-mode: overlay; fill: rgb(39, 231, 39);" id="svgmask" xmlns="http://www.w3.org/2000/svg" xml:space="preserve" version="1.1" viewBox="0 0 1100 1100" xmlns:xlink="http://www.w3.org/1999/xlink">
  <g id="_346967361712">
   <path class="fil0" d="M895 613c0,-5 0,-11 7,-11 6,0 10,10 4,20 -5,0 -11,-1 -11,-9zm-183 -23c0,-15 18,-20 18,1 0,5 -2,5 -4,8 -6,0 -14,-2 -14,-9zm-32 -19c12,0 16,23 1,23 -2,0 -5,-3 -6,-4 -6,-9 -1,-19 5,-19zm-231 -6c-8,0 -8,-3 -11,-6 -4,-4 -3,0 -3,-10 0,-11 14,-14 20,-6 8,9 3,22 -6,22zm231 -41c5,0 6,0 7,4 3,-1 4,-2 6,-2 3,0 3,2 7,2 -2,10 0,7 -11,12 -3,1 -2,2 -6,2 0,-4 -2,-16 -3,-18zm191 -90l0 -6c4,-3 3,-3 7,-3 7,0 10,15 6,19 -2,1 -3,1 -5,2 -3,-2 -4,-1 -6,-4 -1,-2 -2,-5 -2,-8zm-14 -35c3,-1 4,-2 6,-3l0 7 5 0 0 10c-2,-1 -9,-3 -11,-3l0 -11zm-115 8c0,-22 17,-14 17,-5 0,9 1,8 -3,14 -8,0 -14,-4 -14,-9zm71 -24c2,0 1,0 4,1l0 13c-6,0 -8,-2 -13,-3 0,-6 2,-11 9,-11zm-172 -2c0,-19 20,-15 20,6l0 2c-4,3 -3,4 -10,4 -6,0 -10,-6 -10,-12zm107 0l0 -7c3,-2 6,-3 9,-5 0,8 -1,8 6,8l0 9c-3,0 -5,-1 -8,-2 -4,0 -7,1 -7,-3zm-111 -43l0 8c4,0 4,0 7,1 0,5 0,6 -1,10 -4,-2 -15,-4 -20,-5 0,-5 0,-4 6,-8 3,-2 5,-4 8,-6zm-163 -5c5,-4 3,-4 9,-4 4,0 7,3 9,6 7,6 6,29 -12,18 -8,-5 -6,-15 -6,-20zm98 -12l6 3 0 13c-7,0 -12,-3 -19,-3 1,-4 3,-4 6,-7 3,-2 5,-3 7,-6zm-88 -5c4,-1 2,-1 4,-3l12 -9 0 7c4,0 3,1 8,1l0 11c-8,-1 -16,-5 -24,-5l0 -2zm-70 34c0,2 3,6 4,8 3,3 14,4 16,5 4,1 6,1 8,5 5,0 5,1 9,1 0,12 -5,13 -13,19 -5,5 -13,9 -17,15 4,2 15,7 20,7 0,13 -9,16 -24,27 -2,1 -3,2 -5,3 -2,2 -3,2 -3,6 6,-1 3,-4 10,-3 3,0 4,0 6,1 6,1 4,2 9,2 -1,11 -5,12 -13,18 -5,3 -14,11 -19,12 0,5 -2,12 -3,16 10,-3 15,-16 27,-9 0,4 -1,4 -1,9 -9,5 -16,10 -24,15 -7,4 -6,3 -8,11 -1,6 -3,12 -3,17 6,-1 20,-12 25,-15 -2,8 -12,12 -19,16 -1,1 -3,2 -4,3 -3,2 -5,4 -9,5l0 19c8,0 13,1 21,1 7,0 9,-3 14,1 5,3 8,2 15,3 11,2 21,3 32,4 27,5 66,8 95,12 31,5 64,7 96,12 10,2 20,3 31,4l31 5c22,3 43,4 65,7l64 8c21,2 43,6 64,8 0,0 0,-1 0,0l1 -5c2,-2 4,-2 4,-5 0,-23 3,-26 -6,-34 -3,-2 -6,-5 -10,-6 0,-9 -7,-51 -8,-61 -2,-10 -4,-20 -5,-30 -1,-5 -1,-10 -2,-15 -1,-5 -2,-11 -2,-16 9,-2 10,-5 10,-15l-1 -24c0,-5 0,-7 -1,-11 -1,-7 3,-17 -5,-20 -8,-4 -12,-3 -20,0 0,0 0,0 0,1 -1,0 -1,0 -1,0 -3,1 1,1 -4,1 2,-5 0,-11 -7,-9 -2,1 -2,2 -4,3 -1,0 -2,1 -2,1 -2,1 -4,2 -8,1 1,-7 3,-14 -4,-18 -17,-10 -12,-2 -26,2 0,-6 1,-7 -1,-12l-18 0c-5,0 -9,7 -16,7 -1,-5 -2,-6 -6,-9 -3,2 -4,2 -7,4 -3,2 -4,3 -8,3 0,-4 1,-10 -4,-12 -14,-6 -16,-1 -25,4 0,0 -3,1 -3,1l-37 22c-3,3 -7,4 -10,7 -5,4 -3,22 -3,31 6,-2 16,-12 23,-5 4,4 3,8 2,12 8,2 15,6 23,8 -4,9 2,8 -10,12 -2,1 -3,2 -5,3 -5,2 -16,9 -21,10 1,3 0,1 2,3l3 1c3,1 2,-2 8,0l7 3c0,0 0,0 1,0l1 1c2,1 3,2 6,2l0 8c-5,3 -27,13 -34,15l0 3c5,0 6,1 10,2 5,1 4,0 9,1 13,4 5,1 9,10 -9,5 -18,7 -27,12 -8,-36 -11,-73 -19,-109 4,-1 5,-3 9,-4 0,-8 2,-15 0,-24l-1 -38c0,-9 -2,-13 -10,-16 -3,-1 -8,-2 -12,-2l-2 2c0,0 0,0 0,1l-15 6c0,-6 2,-14 -4,-14 -6,0 -8,7 -14,7 -4,0 -3,-2 -8,-2 0,-19 4,-16 -14,-25 -4,-1 -1,-1 -7,-1 -4,0 -11,7 -14,9 -1,0 -1,0 -1,0l-4 1 -1 -16c-7,-4 -17,-2 -25,-2 -3,4 -10,11 -15,13l-5 -8c-7,-13 -7,-7 -23,3 -2,1 -4,2 -6,3l0 -11c0,-6 3,-8 -6,-11 -10,-2 -11,-5 -20,1l-7 7c0,0 0,0 0,1 -1,0 -1,0 -1,0l-1 1c0,0 0,0 -1,0l-2 2c0,0 0,0 0,1 -1,0 -1,0 -1,0 -8,9 -18,19 -27,28 -10,9 -8,12 -7,24 0,3 -1,3 -1,8z"/>
   <path class="fil0" d="M128 750l0 3c5,0 10,0 15,0 6,0 8,1 15,1l68 2c8,1 -4,2 22,2l46 1c12,0 8,0 15,1 9,1 22,0 31,0l23 1c9,2 3,3 17,0 0,-7 0,-4 -10,-4 -4,0 0,0 -4,-1l-3 -2c-5,-2 -5,2 -6,-4l5 -1c-5,-1 -2,-3 -11,-3 -3,13 -16,-14 -57,-2l-25 8c-8,3 0,2 -15,2 -1,-3 0,-1 -1,-3 -4,1 0,1 -5,1l-11 1c-5,0 -3,-5 -12,-5 0,-6 -2,-6 -7,-8 -12,8 -3,5 -15,1 -3,-1 -6,-2 -9,-3 -6,-3 -3,-1 -10,-2 -18,-2 -19,-2 -36,6 -6,3 -13,6 -20,8z"/>
   <path class="fil0" d="M115 616l0 10c3,-1 2,-1 5,-3l6 -6c1,-2 9,-10 3,-10 -5,0 -4,1 -10,7 -3,2 -1,1 -4,2z"/>
   <path class="fil0" d="M178 730c2,2 1,1 2,4l19 1c4,0 3,0 4,-3 -11,0 -15,-3 -18,-3 -2,1 -4,1 -7,1z"/>
   <path class="fil0" d="M320 738c3,3 12,2 16,2 0,-6 -2,-3 -7,-3 -2,0 -8,-3 -9,1z"/>
  </g>
</svg>
<svg style="position: absolute; height: 170%; mix-blend-mode: overlay; fill: black; filter: invert(13%); margin: -15.5%;" id="svgmask2" xmlns="http://www.w3.org/2000/svg" xml:space="preserve" version="1.1" viewBox="0 0 1100 1100" xmlns:xlink="http://www.w3.org/1999/xlink">
  <g id="_346966815792">
   <path class="fil0" d="M750 679l0 7c-5,0 -16,3 -20,4l-300 61 0 -5 40 -8c13,-3 27,-6 40,-9 59,-12 121,-26 180,-38 7,-1 13,-3 21,-4l29 -7c4,-1 7,-2 10,-1zm0 0l0 -1 1 1 -1 0zm51 -4c0,-13 1,-9 17,-9l17 2c2,0 1,0 2,1 -7,0 -12,2 -18,3 -6,1 -13,3 -18,3zm-576 70l0 4c10,0 4,5 18,5 3,0 1,-1 5,-2l18 2c1,-4 0,-1 2,-1l13 -4c6,-2 10,-4 17,-5 6,-2 11,-3 17,-5 17,-7 6,2 32,-5 37,-10 76,-22 113,-31l188 -52c2,-1 9,0 14,0l88 10c-4,0 -20,4 -25,5l-122 28c-46,12 -99,23 -147,34l-85 20c-6,1 -7,2 -14,2 0,5 1,3 6,4 8,3 0,5 13,3 7,0 -2,2 9,-1 2,-1 3,-1 5,-1 6,-1 13,-4 19,-4l1 4c-3,1 -26,7 -33,7 -4,0 -5,1 -13,-1 -8,-2 -52,-2 -63,-2 -4,0 -4,-1 -9,-1 -12,0 -57,0 -63,-2 -5,-2 -18,-1 -27,-2 -5,-1 -14,0 -19,0 -8,0 -11,-1 -18,-1 -14,0 -24,-1 -37,-1 0,0 0,-1 1,0l193 -84c5,-1 8,-3 12,-5l79 -34c5,-2 24,2 30,2 4,0 5,0 8,1l33 2c10,2 21,2 32,3 9,1 22,3 32,3l0 1c-3,0 -43,13 -50,16l-232 75c-7,2 -37,13 -41,13zm-100 -137l6 0 -6 10c-2,2 -3,2 -5,3 -3,3 -1,3 -5,4 1,-4 1,-4 1,-9 3,-1 1,0 3,-2 -2,1 -2,0 -3,1l0 -17 12 1c4,0 6,1 12,1 -6,9 -10,7 -13,7 -2,0 -1,0 -2,1zm202 -185l0 -29c8,0 16,4 25,4 -1,5 -20,20 -25,25zm70 -66c-5,-3 -6,-3 -11,-3 -5,0 -7,2 -7,7 -4,-1 -9,-2 -13,-3 -4,-1 -9,-2 -13,-3 -10,-2 -20,-5 -30,-5 -1,2 -2,3 -4,4 -1,2 1,0 0,2l-12 12c-21,22 -15,17 -15,53 0,11 0,23 0,34l-5 6c0,0 -2,1 -2,2l-17 15c-2,3 -5,6 -8,8l-8 9c-1,0 -1,0 -2,0 -6,6 -11,13 -18,18 -6,5 -13,14 -20,19l-8 8c-3,3 -5,5 -8,8 -1,1 -1,1 -2,2l-31 29 -10 -1c-1,2 -1,3 -2,5 -2,3 -2,-1 -3,4 -3,-1 -30,-5 -34,-3 -2,1 -5,4 -7,6 -1,2 -1,2 -2,4 -3,4 -2,9 -2,16 0,9 0,18 0,27 -6,4 -19,17 -7,16 9,0 7,1 7,10 -4,2 -6,3 -7,8l7 2 0 7 -13 10c-12,9 -27,21 -39,30 -9,7 -17,13 -26,20 -4,3 -24,16 -25,21 10,5 58,1 74,3 16,2 64,1 75,2l93 3c3,0 6,0 9,0 5,0 5,1 9,1 6,0 13,0 19,0 8,0 11,1 19,1 6,0 13,0 19,0 8,0 11,1 18,1 6,0 13,0 19,0 8,0 12,1 19,1 6,0 13,0 19,0 15,0 14,2 33,-1l116 -20c16,-3 34,-6 50,-8 17,-2 33,-5 50,-8 21,-4 43,-7 66,-11l98 -17c6,-1 10,-2 16,-3l215 -36c12,-2 22,-3 34,-5 5,-1 30,-3 30,-9l0 -3c-7,-4 -76,-11 -88,-12 -30,-4 -60,-8 -90,-11l-66 -9c-9,-1 -15,-1 -24,-2l-90 -11c-14,-2 -30,-4 -44,-6 -7,-1 -15,-2 -22,-3l-67 -8c-7,-1 -15,-2 -22,-3l-113 -14c-8,-1 -50,-5 -54,-8 -6,-3 -16,-2 -24,-2 -6,0 -7,-1 -12,-1l0 -18c6,-1 12,-7 17,-11 6,-3 13,-6 15,-13 -3,0 -4,1 -6,3 -5,3 -14,10 -19,11 0,-5 2,-13 3,-19 1,-5 1,-4 5,-6 2,-1 4,-3 7,-4 19,-13 20,-10 21,-24 -4,1 -2,0 -7,-1 -6,-1 -15,8 -20,11 0,-3 2,-12 4,-15 4,-4 12,-9 18,-12l8 -7c3,-2 1,1 2,-3 2,-3 2,-4 2,-8l-9 -3c-3,-1 -7,-1 -10,-2 -1,1 -1,2 -3,3 -2,1 -2,1 -3,-1 3,-1 5,-3 8,-5l15 -11c3,-3 5,-4 8,-6 0,-3 3,-7 1,-10 -2,-3 -5,-3 -9,-4 -4,-2 -6,-2 -10,-4 1,-2 2,-3 4,-4 6,-5 17,-12 22,-18 2,-2 4,-10 4,-13 -4,1 -2,1 -6,0l-5 -2c-8,-6 -25,-4 -26,-17 0,-2 0,-6 0,-9l-18 17z"/>
   <path class="fil0" d="M669 394l0 7c-3,2 -6,3 -9,5l16 95c1,4 2,10 2,14 3,0 5,-1 7,-2 2,-1 5,-2 7,-3l14 -6 0 -8c-14,-7 -13,-4 -18,-4 -1,0 0,-1 -4,-2 -2,0 -3,-1 -5,-1l0 -2c7,-2 13,-6 20,-8l10 -4c3,-2 4,-2 4,-11 -7,0 -13,-7 -19,-7 -5,0 -7,3 -9,-3l31 -14c3,-2 2,-1 3,-5 1,-2 1,-4 1,-7 -7,-1 -16,-7 -22,-7 0,-5 2,-6 -1,-10 -8,-12 -18,0 -25,2 1,-6 1,-12 1,-19l-4 0c0,0 0,0 0,0z"/>
   <path class="fil0" d="M888 493l0 -7c4,-1 8,-3 12,-4 5,-2 11,-3 10,-7 -2,-4 -3,-3 -7,-1l-3 -4c3,0 9,-3 11,-4 0,-20 -22,-5 -28,-5 0,4 1,11 2,16 0,2 1,5 1,8 0,1 1,2 1,4 0,1 0,1 0,2 1,2 0,1 1,2z"/>
   <path class="fil0" d="M483 318c8,2 17,4 25,6l0 -13 -8 0 0 -7c-3,1 -2,1 -4,3 -2,1 -3,2 -5,3 -2,2 -2,2 -4,4 -2,1 -3,2 -4,4z"/>
   <path class="fil0" d="M683 543c5,-1 11,-6 16,-6 0,-4 1,-5 1,-10 -4,0 -4,-1 -7,-2l-4 2c-3,-2 -10,-7 -9,1 1,5 3,10 3,15z"/>
   <path class="fil0" d="M622 350l0 2c3,1 18,5 22,5l0 -11c-3,0 -4,0 -6,-1l0 -8c-3,1 -16,10 -16,13z"/>
   <path class="fil0" d="M558 334c5,1 15,4 20,4l0 -15c-11,-2 -1,-5 -17,7 -3,2 -2,0 -3,4z"/>
   <path class="fil0" d="M748 373c0,5 1,7 -1,10 4,2 10,3 16,3 0,-11 1,-10 -6,-10l0 -8c-2,2 -6,4 -9,5z"/>
   <path class="fil0" d="M804 386l0 9c6,0 7,3 14,3l0 -14c-6,-3 -8,-1 -14,2z"/>
   <path class="fil0" d="M856 400l0 10c2,1 10,3 13,3l0 -10c-4,0 -2,0 -5,-1l0 -6c-5,0 -5,2 -8,4z"/>
   <path class="fil0" d="M888 493c0,6 1,11 2,16 3,-1 9,-3 12,-4l0 -5c-5,-2 -6,-2 -13,-2l-1 -5z"/>
   <path class="fil0" d="M893 531c0,3 1,4 1,7 3,-1 4,-2 8,-2l0 -6c-2,0 -9,-3 -9,1z"/>
   <path class="fil0" d="M898 567l3 0c1,-4 3,-5 -3,-9 -2,4 0,4 0,9z"/>
   <polygon class="fil0" points="119,614 121,612 119,612 "/>
   <polygon class="fil0" points="121,612 123,610 121,610 "/>
   <polygon class="fil0" points="125,608 124,609 "/>
   <polygon class="fil0" points="124,609 123,610 "/>
  </g>
</svg>