<svg style="position: absolute; height: 169.5%; max-height: 1000px; margin: -15.45% -15.3% -15.5%; mix-blend-mode: overlay; fill: rgb(39, 231, 39);" id="svgmask" xmlns="http://www.w3.org/2000/svg" xml:space="preserve" version="1.1" viewBox="0 0 1100 1100" xmlns:xlink="http://www.w3.org/1999/xlink">
  <g id="_347132266784">
   <path class="fil0" d="M848 583c9,0 18,25 -2,25 -1,-3 0,-1 -3,-4 -5,-7 -5,-21 5,-21zm-198 -1l0 0c0,0 0,0 0,0zm2 -2l0 0c0,0 0,0 0,0zm-46 -33c4,0 14,7 14,19 0,13 -13,16 -20,7 -1,-3 -3,-6 -3,-10 -2,-7 1,-16 9,-16zm202 -178c0,-8 7,-14 14,-6 10,10 4,22 -1,22 -5,0 -5,1 -10,-6 -1,-3 -3,-7 -3,-10zm-19 -39c3,-1 8,-4 11,-6l0 9c3,1 4,1 7,2l0 10c-7,-1 -11,-4 -18,-4l0 -11zm-153 0c0,-5 0,-7 4,-10 3,-2 5,-2 9,-1 14,4 13,30 -2,26 -7,-1 -11,-9 -11,-15zm84 -15c0,-4 12,-8 14,-8l5 0c0,7 1,10 1,18 -7,-1 -13,-5 -20,-5l0 -5zm-77 -12c0,-6 0,-5 7,-9 2,-2 6,-4 9,-5 0,5 0,4 1,8 4,0 3,1 7,1 0,5 1,7 1,13l-20 -4c-3,-1 -5,-1 -5,-4zm-85 44c3,-1 6,-4 9,-4 5,0 6,4 8,7 3,3 7,3 12,4l5 2c0,0 1,0 1,0 5,2 9,6 15,6l0 11c-3,1 -33,20 -39,23 -3,3 -2,2 -4,5 9,0 7,-3 18,1 2,0 2,0 4,1l12 4c0,10 -4,12 -11,16l-28 17c-4,2 -8,9 -4,11 2,1 3,-1 5,-3 2,-1 0,1 2,0l7 -4c2,-2 4,-2 7,-2l11 4c2,1 2,1 4,1 -7,15 8,4 -26,23 -5,3 -11,5 -16,8 -3,3 -2,5 -3,9 -1,4 -2,7 -2,11 4,0 6,-2 10,-3l13 -7c3,-2 4,-4 8,-4 1,2 -1,4 8,2 -4,16 -1,10 -20,19 -3,2 -5,3 -9,5 -15,8 -14,4 -17,22 -1,5 -2,8 -2,12 6,0 3,0 7,-2l1 -1c7,-3 23,-12 29,-13 -4,6 -2,5 -9,8 -4,2 -7,4 -11,6 -8,3 -16,8 -24,10 0,23 -5,19 16,23 22,3 24,-5 32,1 10,7 0,2 14,4l17 2c7,1 17,4 25,4 12,1 8,3 16,-2 0,3 0,2 1,4l78 10c6,0 8,0 14,1l39 5c4,0 8,2 13,2 5,0 8,1 14,1 11,2 44,7 53,7l0 -1c2,-7 7,-7 7,-11 0,-30 4,-34 -12,-44 -3,-3 -6,-3 -7,-7l-8 -55c-3,-10 -3,-21 -5,-31l-1 -9c-1,-4 -2,-6 -3,-10 -2,-12 -2,-26 -5,-38l-1 -10 5 -2c7,-3 7,-9 6,-17l-3 -59c0,-5 -2,-7 -6,-9 -13,-6 -17,-2 -23,2l-10 5c0,-14 1,-20 -11,-13 0,0 0,0 -1,0l-1 1c-6,4 -9,5 -15,2 0,-6 3,-13 -2,-19 -2,-2 -2,-2 -4,-4 -19,-10 -17,-3 -34,6 0,-5 -1,-6 -1,-12 0,-10 -8,-7 -23,-7 -2,0 -9,5 -11,6l-7 5c-3,1 1,1 -4,1 -5,-23 -12,-13 -30,0 -3,1 -5,4 -8,4 1,-4 1,-2 4,-5 5,-3 4,-8 4,-14 0,-8 -14,-10 -21,-10 -3,0 -18,12 -21,14l-14 11c-6,3 -33,23 -34,26 -2,4 -3,29 -3,37z"/>
   <path class="fil0" d="M152 779l28 1c5,0 10,0 15,0l43 2c6,0 8,1 14,1 8,0 29,7 32,-4 -6,-1 -1,-2 -7,-2 -5,0 -3,2 -8,2 -4,-1 -3,-3 -5,-6l-9 -2c3,0 1,0 3,-1l4 -1c-4,-1 -8,-3 -12,-3 -11,-3 0,11 -24,-2 -18,-9 -22,-3 -46,4 -5,2 -9,3 -14,5 -2,1 -5,2 -7,3 -3,1 -5,1 -7,3z"/>
   <path class="fil0" d="M142 616l0 19c3,-2 4,-3 7,-4l0 -13c4,0 6,-1 8,-4 -12,-3 -8,0 -15,2z"/>
   <path class="fil0" d="M119 718c8,0 7,-2 7,-12 -9,0 -3,4 -7,12z"/>
   <path class="fil0" d="M117 729c3,0 10,-2 10,-5 0,-4 -3,-2 -5,-1 -3,2 -4,2 -5,6z"/>
   <path class="fil0" d="M218 756c3,4 4,2 9,2l0 -4c-3,0 -7,1 -9,2z"/>
 </g>
</svg>
<svg style="position: absolute; height: 170%; mix-blend-mode: overlay; fill: black; filter: invert(13%); margin: -15.5%;" id="svgmask2" xmlns="http://www.w3.org/2000/svg" xml:space="preserve" version="1.1" viewBox="0 0 1100 1100" xmlns:xlink="http://www.w3.org/1999/xlink">
  <g id="_346966789008">
   <path class="fil0" d="M118 729c0,-6 1,-4 8,-7 0,5 -1,3 -8,7zm216 42l0 -7 174 -43c29,-7 58,-14 87,-21 14,-4 29,-7 43,-11l44 -11 0 11c-5,0 -83,19 -87,20l-261 62zm405 -96l0 -11c11,-1 0,-2 19,-1 4,0 5,1 10,1 4,0 5,1 10,1 -2,3 1,1 -9,3l-30 7zm-484 96l0 3 9 0c1,3 1,3 2,5l24 -3c5,-2 16,-5 22,-5l0 5c-16,1 -17,8 -49,8 -4,0 0,-1 -5,-2l-34 -1c-6,0 -8,-1 -13,-1 -5,0 -9,0 -14,0l-40 -3 13 -5c6,-2 11,-3 16,-5l23 -8c4,0 -2,2 3,0 2,-1 -1,0 2,-1l35 -10c93,-32 190,-61 284,-92 48,-16 24,-10 69,-8l57 6c6,1 15,1 20,1 -4,3 -20,7 -25,8l-226 61c-48,13 -98,28 -146,40l-27 7zm-106 -153l0 12c-2,2 -4,3 -7,4 0,-5 0,-11 0,-16 0,-5 1,-8 1,-15l24 2 -12 11c-2,1 -4,1 -6,2zm303 -217l0 -17c3,1 13,3 17,3 -1,5 -2,3 -8,7 -3,3 -6,5 -9,7zm69 -51l0 -7c-2,-1 -4,-4 -8,-4 -6,0 -12,2 -12,8 -6,-3 -43,-10 -50,-10 -3,0 -20,15 -23,18l-23 18c0,20 -2,39 -1,59 0,4 -3,5 -6,7l-39 28c-22,16 -43,33 -66,48l-65 47c-2,2 -4,3 -7,5l-13 10c-5,2 -9,8 -14,9 0,-7 -6,-5 -11,-5 -1,2 -2,9 -6,9 -12,0 -23,-3 -35,-3 -4,1 -12,10 -16,13l0 46c-3,2 -7,4 -10,7 -3,2 -9,4 -9,9 0,5 6,2 9,3l10 3 0 6 -12 7c-2,2 -2,2 -2,5 4,0 9,2 13,3 0,12 -12,7 -13,16 4,1 8,1 9,4l5 -2 -1 9 -13 5c1,4 0,4 5,4 0,5 -1,5 -5,6l-26 13c-27,12 -52,27 -79,39 -5,2 -5,1 -7,5 4,3 11,2 17,2 8,0 12,1 19,1 6,0 13,0 19,0 8,0 12,1 19,1 6,0 13,0 19,0 8,0 11,1 19,1l29 1c3,0 7,0 10,0 39,0 76,3 115,3 20,0 57,4 75,0 11,-2 22,-4 34,-6l199 -38c10,-2 21,-4 33,-6l100 -19c88,-18 177,-33 265,-51l99 -19c7,-1 12,-2 17,-3 8,-1 12,-2 12,-10 -10,-5 -37,-6 -49,-8 -6,-1 -13,-1 -18,-2 -32,-3 -86,-10 -119,-15l-54 -6c-5,0 -5,-2 -12,-2 -8,0 -10,-2 -18,-2 -5,0 -4,0 -8,-1 -3,-1 -5,-1 -9,-1 -2,0 -5,-2 -7,-2 -3,0 -7,0 -10,0 -1,0 -6,-2 -7,-2 -3,0 -7,0 -10,0 -3,0 -5,-2 -8,-2 -3,0 -7,0 -10,0 -2,0 -5,-2 -7,-2 -3,0 -6,0 -10,0 -3,-1 -4,-2 -7,-2 -4,0 -6,0 -9,-1l-60 -7c-5,0 -18,-4 -25,-4 -11,0 -11,-2 -18,-2 -3,0 -6,0 -9,0l-26 -4c-12,-1 -6,0 -14,-5 -3,-2 -4,-2 -7,-1 -2,0 -3,0 -5,0 -7,3 -2,3 -15,1 -23,-3 -19,2 -19,-23 6,-1 12,-6 17,-8l12 -5c10,-4 9,-3 15,-12 -1,0 -4,1 -5,1l-2 1c-1,1 -1,1 -2,2 -1,0 -1,0 -1,0 0,0 0,0 -1,0l-4 2c0,0 0,1 0,1l-13 5c0,0 0,1 0,1l-6 3c-1,0 -1,0 -1,0 -2,1 3,0 -3,1 1,-6 3,-13 4,-19 1,-4 0,-7 3,-9 9,-5 30,-13 40,-20 0,-5 1,-6 1,-10 -10,0 -6,-4 -17,1 -5,3 -18,11 -22,11 1,-6 3,-11 3,-18l31 -17c4,-2 10,-3 11,-9 1,-2 2,-6 2,-8l-6 -1c0,0 0,0 0,0 -4,-2 -10,-2 -14,-4 0,0 0,0 -1,2 -4,2 -8,4 -11,6 -1,0 -1,0 -2,0 -2,1 -1,1 -3,1 0,-9 3,-9 7,-11l23 -13c2,-2 3,-2 5,-4l7 -3c1,-5 2,-6 2,-12 -4,-1 0,0 -3,-1 0,0 0,0 0,0 0,0 -1,0 -1,0l-1 -1c0,0 0,0 0,0l-7 -3c-2,-1 -5,-2 -7,-2 -4,-1 -5,1 -6,-2l-3 0c-1,2 -2,2 -5,3 1,-4 17,-13 21,-15l6 -3c2,-1 3,-2 5,-4 4,-2 7,-5 11,-7l0 -10 -3 -1c-3,-1 1,-1 -4,0 1,-3 0,-2 2,-4 -5,1 -5,2 -9,0 0,0 0,0 -1,0l-11 -4c-8,-3 -6,-3 -11,-9 -2,-1 -1,0 -2,-2l-5 0c-1,2 -5,3 -7,4l1 -21c-5,1 -14,9 -19,12 -3,3 -6,5 -9,7 -3,2 -6,5 -10,6z"/>
   <path class="fil0" d="M827 409c0,4 1,11 2,16 1,4 2,10 3,15l30 -13c0,-14 -9,1 -12,-9 5,-1 11,-4 14,-6 0,-7 -8,-13 -9,-13 -8,0 -9,2 -15,4 -4,2 -8,6 -13,6z"/>
   <path class="fil0" d="M643 297l0 8c3,2 22,6 26,6l-1 -13c-4,0 -5,-1 -8,-2 0,-12 2,-9 -17,1z"/>
   <path class="fil0" d="M719 313l0 7c7,1 13,5 21,5l0 -18c-8,-2 -9,-1 -21,6z"/>
   <path class="fil0" d="M789 330l0 11c2,1 8,2 10,3 10,2 9,4 9,-10 -4,0 -3,-1 -7,-1 0,-4 -1,-4 -1,-9 -3,1 -8,4 -11,6z"/>
   <path class="fil0" d="M836 467l16 -6 0 -6c-6,-3 -10,-2 -18,-2 0,5 2,9 2,14z"/>
   <path class="fil0" d="M842 503c3,-2 7,-2 10,-4l0 -6c-4,-2 -6,-2 -12,-2 0,3 1,10 2,12z"/>
   <path class="fil0" d="M846 529c0,5 1,5 1,11 0,0 1,-1 2,-1 5,-6 3,-7 0,-11 -1,1 -1,1 -3,1z"/>
   <polygon class="fil0" points="848,609 851,609 851,608 848,608 "/>
   <polygon class="fil0" points="827,409 827,408 826,409 "/>
   <polygon class="fil0" points="840,491 840,490 839,491 "/>
   <polygon class="fil0" points="846,529 846,528 845,529 "/>
   <polygon class="fil0" points="842,503 841,503 842,504 "/>
   <path class="fil0" d="M120 713l0 0c0,0 0,0 0,0z"/>
 </g>
</svg>