<svg style="position: absolute; height: 169.5%; max-height: 1000px; margin: -15.45% -15.3% -15.5%; mix-blend-mode: overlay; fill: rgb(39, 231, 39);" id="svgmask" xmlns="http://www.w3.org/2000/svg" xml:space="preserve" version="1.1" viewBox="0 0 1100 1100" xmlns:xlink="http://www.w3.org/1999/xlink">
  <g id="_347039575008">
   <path class="fil0" d="M1073 372c2,0 3,0 5,1 0,1 2,4 3,4 2,5 0,7 -1,11 -3,1 -2,1 -4,1 -9,0 -13,-17 -3,-17zm-221 -34l0 -5c4,-3 8,-5 13,0 5,6 4,15 -5,15 -3,0 -8,-6 -8,-10zm208 -176l7 0c1,2 2,2 3,5 1,1 2,5 2,7 -2,3 -2,3 -6,5 -7,-3 -13,-7 -6,-17zm-113 -16c5,-1 2,-3 7,-4l0 6c4,0 3,1 8,1 -3,6 1,1 -15,1l0 -4zm-92 -28c0,-10 16,-8 16,3 0,10 -16,11 -16,-3zm-53 42c10,2 4,6 13,-1 3,-2 3,-3 6,-4l1 157 -18 14c0,15 -1,30 3,44l5 12c5,8 5,9 12,17 10,10 10,14 22,4 12,-9 9,-6 13,-4l157 29c4,1 7,1 12,2 4,1 9,1 13,1 -1,3 -6,6 -9,7 1,3 0,2 2,4 5,5 6,4 22,-7l9 -5c2,-1 3,-1 5,-2 1,-1 3,-2 4,-4 9,-5 18,-12 21,-22 5,-16 3,-24 3,-45 0,-2 -6,-9 -8,-11 -4,-3 -6,-6 -10,-9l-1 -74c0,-4 -1,-3 -1,-8l0 -34c0,-7 -1,-9 -1,-16 4,-2 17,-10 17,-14 1,-4 -9,-28 -15,-36 -8,-11 -10,-13 -20,-19l-8 -5c-7,4 -12,11 -19,15l-14 -4c0,-8 -1,-8 -4,-13 -3,-4 -4,-4 -11,-6 -5,-1 -8,-3 -13,-4 -4,-2 -9,-3 -13,-5 0,0 0,0 -1,0l-21 20c-3,2 -5,5 -8,7 0,-14 3,3 3,-19l-4 0c0,-7 -3,-12 -6,-18 -12,0 -24,-4 -36,-4 -4,0 -5,10 -15,10 -4,0 -4,-5 -6,-9 -1,-4 -2,-8 -3,-12 -12,-3 -21,0 -31,7 -8,5 -17,14 -23,20 -14,14 -24,21 -24,44z"/>
   <path class="fil0" d="M2 907c2,1 1,1 4,1 0,18 -1,33 -1,52 -4,1 -5,4 -5,7l0 7c0,4 6,15 14,16 1,-3 0,-1 2,-3 9,2 31,2 39,2l30 1c7,0 4,0 8,3 4,-2 11,-6 12,-11 -8,2 -5,6 -14,6 -1,-2 -1,-4 -2,-6 -12,0 -21,-1 -32,-1 -6,0 -3,-1 -15,-1 -28,0 -5,-5 -26,5 0,0 0,-1 -1,0l-1 -2c-7,-6 -8,-13 -8,-23 3,-1 1,2 2,-3 2,-12 -3,-51 2,-59 8,-10 10,-4 11,-11 -10,1 -18,10 -19,20z"/>
  </g>
</svg>
<svg style="position: absolute; height: 170%; mix-blend-mode: overlay; fill: black; filter: invert(13%); margin: -15.5%;" id="svgmask2" xmlns="http://www.w3.org/2000/svg" xml:space="preserve" version="1.1" viewBox="0 0 1100 1100" xmlns:xlink="http://www.w3.org/1999/xlink">
  <g id="_346966784240">
   <path class="fil0" d="M810 163c-2,-1 -4,-2 -7,-3l0 -5c-5,3 -10,7 -14,11 -1,1 -1,2 -3,3 -2,2 -2,2 -4,3 -3,3 -3,4 -7,6l-33 30c-5,5 -10,11 -16,16l-102 96c-3,2 -4,4 -7,6l-27 25c-4,4 -8,9 -12,13l-40 37c-4,4 -9,9 -13,12l-53 49c-5,5 -11,11 -16,16l-36 34c-4,4 -9,9 -13,13l-172 160c-5,5 -11,11 -16,16l-23 22c-3,2 -4,4 -7,6 -2,3 -4,3 -7,6l-66 62c-4,4 -8,9 -12,13 -2,1 -2,1 -4,2 -6,6 2,2 -13,13l-63 59c-3,3 -3,5 -6,7 -7,4 -10,7 -10,15 0,5 -1,6 -1,12 0,9 0,17 0,26 0,4 0,9 0,13 0,6 -2,16 2,22 7,10 11,5 19,1l3 -3c16,-13 46,-32 64,-45 16,-13 34,-24 51,-36l115 -81c2,-2 4,-3 6,-5 3,-1 4,-2 7,-4l115 -81c2,-2 4,-3 6,-5l84 -58c2,-2 3,-3 5,-5l58 -40c2,-2 4,-3 6,-5 3,-1 4,-2 7,-4l58 -41c25,-19 51,-35 76,-54l64 -45c23,-17 47,-33 71,-50 4,-2 11,-6 12,-10 -5,-1 -19,-18 -21,-22 -12,-23 -10,-34 -10,-60 6,-4 12,-10 18,-14l-2 -158c-3,1 -9,7 -11,9z"/>
   <path class="fil0" d="M89 988c11,1 6,-1 15,-6 6,-3 10,-5 16,-8 43,-26 90,-53 133,-79l68 -39c23,-14 52,-30 74,-43l45 -27c3,-1 5,-3 8,-4l74 -43c5,-4 9,-6 15,-9 5,-3 9,-6 15,-9l15 -9c5,-3 9,-6 14,-9l82 -48c3,-1 5,-2 8,-4l89 -52c2,-2 5,-3 7,-5l15 -9c3,-1 6,-2 8,-4 3,-2 5,-3 8,-4l37 -22c10,-6 19,-11 29,-18l149 -87c9,-6 16,-8 24,-15 2,-1 1,1 2,-1 2,-1 2,-1 2,-4 -15,0 -20,-2 -24,-2 -2,4 -24,15 -28,18 -11,6 -20,11 -30,17l-109 65c-43,26 -87,53 -130,79l-22 13c-11,6 -19,11 -30,17 -10,6 -19,12 -28,18l-161 95c-52,32 -108,64 -160,96l-225 135c-4,2 -5,1 -5,7z"/>
   <polygon class="fil0" points="838,408 839,408 838,407 "/>
   <polygon class="fil0" points="838,408 837,408 838,409 "/>
  </g>
</svg>
<style>
#colorimgblock {height: 70%;margin: 0% auto -5%;}
</style>