<svg style="position: absolute; height: 169.5%; max-height: 1000px; margin: -15.55% -15.4% -15.5%; mix-blend-mode: overlay; fill: rgb(39, 231, 39);" id="svgmask" xmlns="http://www.w3.org/2000/svg" xml:space="preserve" version="1.1" viewBox="0 0 1100 1100" xmlns:xlink="http://www.w3.org/1999/xlink">
  <g id="_346966788912">
   <path class="fil0" d="M1007 642c0,-5 2,-8 4,-11l7 0c5,7 5,4 5,14 0,11 -16,13 -16,-3zm-234 -14c6,2 5,9 5,18 0,4 0,0 -1,3 -6,-4 -4,-11 -4,-21zm22 -15c0,-4 1,-5 3,-8 11,-11 17,3 17,7 0,5 0,15 -9,15 -7,0 -11,-7 -11,-14zm-39 -17c9,0 12,6 12,15 0,6 -2,7 -4,10 -6,0 -15,0 -16,-11 0,-4 3,-14 8,-14zm-285 -23c0,-22 18,-19 23,-11 8,14 1,26 -8,24 -8,-1 -15,-4 -15,-13zm287 -33c9,0 1,3 11,3 5,0 2,-3 11,2 0,4 -1,3 -1,8 -9,2 -12,5 -18,6 -1,-4 -3,-14 -3,-19zm226 -116c12,0 15,12 8,23l-7 0c-8,-12 -7,-15 -1,-23zm-15 -33c0,4 1,3 1,7 3,0 3,0 5,1l0 9c-6,0 -7,-1 -12,-2 0,-5 0,-6 1,-9 1,-5 0,-5 5,-6zm-139 10c0,-4 -1,-14 7,-14 13,0 11,15 11,23 -4,4 -9,5 -14,0 -2,-2 -4,-6 -4,-9zm73 -16l0 -7c6,-4 6,-4 13,-2l0 14c-6,0 -9,-1 -13,-3l0 -2zm-66 -21c5,-1 4,-4 9,-4 0,15 7,-1 7,17 -5,0 -13,-1 -16,-3l0 -10zm-116 -5c14,0 18,27 5,27 -16,0 -14,-20 -13,-22 1,-3 4,-5 8,-5zm-31 -23c0,-4 11,-11 15,-13 0,7 1,9 8,10l0 10c-3,0 -23,-3 -23,-7zm-173 -11c0,-11 2,-12 13,-12 9,0 20,28 3,28 -7,0 -8,0 -12,-6 -3,-3 -4,-5 -4,-10zm115 -22l5 3c0,15 1,15 -4,14l-19 -5c2,-3 14,-10 18,-12zm-86 -19c0,5 0,7 9,9l0 10c-6,0 -19,-3 -25,-5 1,-4 12,-12 16,-14zm-100 53c0,3 2,3 3,5 6,10 6,5 16,9 2,1 23,8 23,10 0,12 -8,14 -15,21l-15 12c-3,2 -3,2 -4,5 2,1 4,1 6,2l10 4c3,1 4,1 7,2 0,12 -6,13 -14,19l-19 15c-5,5 -5,9 0,6 2,-2 2,-2 4,-3 7,2 15,3 21,6 -2,7 -3,10 -8,14 -3,2 -4,3 -7,4 -6,5 -14,9 -20,15 -4,3 -5,12 -5,18 7,-1 15,-9 21,-12 3,2 6,2 10,3 -4,15 -4,11 -27,26 -13,9 -9,9 -13,23 -3,13 -2,12 7,6 3,-1 4,-2 6,-3 4,-2 7,-6 12,-6 -1,4 -4,5 -7,7l-28 16c0,10 -1,32 0,38 8,0 18,-7 24,-11 7,-6 23,-3 23,8l-1 20c-5,1 -18,8 -23,11 -8,4 -16,7 -23,12 0,8 5,12 13,12 19,0 18,6 39,-4 10,-6 6,-4 19,-3l75 7c4,-1 5,2 8,2 3,0 2,-1 4,-1 4,0 7,1 11,-1 1,1 0,0 2,1 7,5 18,4 28,5 10,2 23,2 34,3 13,3 25,4 38,5 4,0 3,-1 5,1 1,3 0,6 3,9 7,6 36,4 37,4 4,2 -1,1 5,2 19,3 27,0 45,-5 6,-2 11,2 17,-2 2,1 4,1 6,2l2 -3c4,1 0,0 3,1 4,2 9,1 12,0l1 2c1,3 -1,2 3,3 4,2 94,9 109,12 4,0 8,-1 10,1 2,4 -2,4 3,8 3,3 3,2 8,3 16,2 33,-3 49,-6 6,-1 13,-3 19,-4 9,-1 14,-2 14,-11 0,-4 -5,-4 -5,-10l0 -15c0,-4 5,-4 5,-8 0,-33 5,-31 -14,-45 -5,-3 -4,-8 -5,-14 -5,-23 -10,-64 -13,-86 -2,-15 -6,-28 -6,-44 3,-1 9,-4 11,-6l-1 -50c0,-6 0,-19 -2,-22 -2,-5 -10,-8 -17,-8 -6,0 -11,6 -16,7 0,-5 0,-8 -4,-12 -5,1 -10,5 -15,7 -4,1 -2,0 -6,0 0,-15 4,-18 -12,-25 -8,-4 -16,2 -23,6 0,-18 -5,-15 -20,-15 -9,0 -13,9 -21,9 0,-2 -1,-4 -2,-6l-5 -4c-8,2 -11,7 -18,9l0 -9c0,-4 -1,-5 -4,-6l-15 -4c-4,0 -25,14 -29,17l-15 8c-6,4 -23,13 -28,18 -7,6 -5,7 -5,18 -1,20 -5,22 9,14 15,-8 21,2 21,8 0,3 -1,1 -2,5l13 5c2,1 5,1 7,2 4,1 3,2 7,2 0,6 -1,9 -5,12 -4,2 -7,3 -12,5 -2,1 -3,2 -5,3 -2,1 -3,2 -6,3 -2,1 -11,5 -11,7 0,10 5,4 10,4 7,1 13,6 20,8 0,7 0,9 -5,11l-34 16 0 3c6,0 8,1 12,4 6,-2 15,0 20,3 0,6 1,8 -6,10l-16 8c-12,5 -8,6 -16,-39l-10 -63c-2,-6 -2,-14 -4,-21 4,-2 7,-3 11,-6 0,-25 -2,-48 -2,-73 0,-13 -7,-16 -18,-19 -8,-1 -13,3 -20,6 -3,1 -4,2 -7,3 0,-15 -3,-21 -14,-12 -7,6 -9,6 -17,2 0,-12 4,-15 -4,-22 -2,-1 -17,-9 -19,-9 -4,0 -10,6 -12,9 -4,3 -8,7 -12,9 0,-7 -1,-20 -2,-25 -7,-2 -16,-2 -24,-2 -8,0 -16,15 -21,15 -8,0 -7,-28 -23,-12 -4,5 -11,6 -21,14 -2,1 -2,2 -4,3 1,-8 9,-5 9,-14 0,-9 2,-15 -8,-18 -23,-6 -21,-2 -46,23 -4,4 -6,6 -10,10 -24,24 -22,17 -23,34l-1 19z"/>
   <path class="fil0" d="M173 780c1,4 1,2 3,5 -9,0 -17,0 -25,1 -6,1 -2,3 -10,3 -6,0 -6,2 -11,3 -1,-2 -1,-1 -1,-4 -4,0 -21,9 -27,11 -5,3 0,2 -12,2 -8,0 0,-4 -13,0 -7,3 -5,4 -4,9 8,2 9,0 17,0 6,0 3,0 7,-2 5,-1 22,1 28,1l94 2c3,2 3,3 7,4 5,1 16,-1 23,0 12,3 13,0 19,-2l34 1c5,0 6,1 10,1 4,0 8,0 12,0 4,0 7,0 11,0 6,0 7,1 11,1 8,0 15,0 22,1 15,2 11,8 31,1 4,-1 11,-1 11,-4 0,-4 -2,-3 -6,-3 -18,0 -5,-2 -17,-4 -8,-1 -3,-3 -3,-7 -9,-5 -10,0 -14,2 -6,-1 -26,-10 -31,-10 -16,0 -13,-1 -28,3 -5,1 -10,3 -14,4 -8,2 -24,8 -32,8 -4,0 -5,-2 -6,-2 -4,0 -1,1 -6,0 -8,0 -11,4 -19,-2 -4,-3 -4,-1 -8,-3 2,-3 2,-1 3,-5 -3,-2 -8,-4 -12,-4 -2,0 -2,1 -4,2 0,0 -1,1 -1,2 -1,0 -1,0 -1,0l-1 1c-7,-4 -23,-8 -25,-11 8,0 10,2 10,-5 -5,0 -3,2 -5,2 -5,0 0,-3 -14,-3 -1,0 -3,1 -3,1z"/>
   <path class="fil0" d="M342 419l0 4c4,0 3,0 5,-2l45 -42c3,-3 14,-13 15,-17 -16,0 -33,7 -44,17l-10 12c-5,7 -11,21 -11,28z"/>
   <path class="fil0" d="M72 768c-1,4 -3,19 1,19 3,0 13,-4 14,-6 2,-2 1,-3 4,-6 5,-3 3,1 7,-4 -2,-3 -15,-7 -19,-5 -2,1 -4,1 -7,2z"/>
   <path class="fil0" d="M95 654c0,10 6,1 10,-1 2,-2 2,-1 4,-3 0,-1 3,-3 3,-3 2,-3 0,-3 2,-5 1,-2 2,-1 4,-4 1,-4 -3,-3 -7,-3 -3,0 -7,6 -9,8 -5,3 -7,4 -7,11z"/>
   <path class="fil0" d="M80 764c3,0 17,-10 17,-12 0,-3 -6,-5 -9,-5 -2,0 -7,4 -8,6 -1,1 -4,11 0,11z"/>
   <path class="fil0" d="M83 738c0,9 16,-6 16,-6 -3,-4 -2,-2 -6,-4 -3,2 -10,5 -10,10z"/>
   <path class="fil0" d="M150 782c3,2 7,1 12,1 3,0 2,0 3,-2 -2,-3 -3,-2 -9,-2 -3,-1 -5,-2 -6,3z"/>
   <path class="fil0" d="M337 790c3,2 6,2 8,-1 -3,-4 -6,-2 -8,1z"/>
   <path class="fil0" d="M349 788l0 3 5 0c0,-4 -2,-4 -5,-3z"/>
  </g>
</svg>
<svg style="position: absolute; height: 170%; mix-blend-mode: overlay; fill: black; filter: invert(13%); margin: -15.5%;" id="svgmask2" xmlns="http://www.w3.org/2000/svg" xml:space="preserve" version="1.1" viewBox="0 0 1100 1100" xmlns:xlink="http://www.w3.org/1999/xlink">
  <g id="_346968563824">
   <path class="fil0" d="M344 420c0,-8 4,-16 7,-21l12 -17c10,-9 26,-18 40,-18l-51 49c-2,3 -4,6 -8,7zm73 -67c-20,0 -8,-4 -22,8 -4,2 -9,4 -13,4 -2,0 -2,0 -4,1 -1,1 -4,5 -6,6 -1,1 0,1 -1,2l-4 2c-2,2 -6,6 -8,6 -4,1 -2,-1 -7,4 -16,17 -32,32 -48,49l-97 96c1,6 0,4 -4,10l-7 10c1,2 3,5 0,11l-81 77c-5,3 -4,5 -8,9l-13 12c-5,5 -22,21 -25,26l2 4c5,0 5,-1 11,1 3,1 7,2 10,2 -5,7 -15,9 -17,18 3,0 12,3 14,4 -2,6 -9,7 -12,12l-2 3c3,1 9,3 13,3 4,-3 3,-3 8,-2l-20 19c12,6 8,-4 19,1 -3,4 -6,6 -10,9 -3,2 -9,5 -11,8 3,2 4,1 7,-1 2,1 5,1 7,2 4,1 5,0 7,3 -9,0 -5,7 -14,10 -6,2 -11,5 -14,10 4,3 6,-1 10,0 -3,4 -7,3 -10,7 1,1 1,2 2,3l4 2c12,-8 11,-1 23,-1 4,0 45,-20 52,-23l20 -10c4,-2 7,-3 11,-5l113 -53c15,-5 27,-13 42,-18l73 -34c5,-3 17,-7 20,-11l-10 0c-7,-10 -11,-7 17,-20l24 -12c0,-11 7,-34 -15,-34 -4,0 -6,1 -9,2 -3,2 -3,3 -6,5 -4,2 -12,6 -16,7l0 -35c7,-4 13,-7 20,-11 8,-5 14,-6 16,-16 -8,0 -20,10 -27,14l4 -21c3,-9 32,-18 35,-27 1,-2 2,-8 2,-11 -4,0 -9,-3 -11,-3 -5,0 -14,10 -20,11 0,-3 1,-7 2,-9 1,-6 13,-13 18,-16 11,-7 20,-11 20,-25 -5,-1 -12,-5 -17,-5 -2,-1 -3,0 -6,-1 4,-6 12,-10 17,-15 10,-6 14,-8 14,-21 -6,-3 -14,-5 -21,-8 1,-4 6,-7 9,-9l20 -16c3,-3 3,-9 3,-15l-24 -9c-4,-2 -10,-1 -13,-4 -2,-2 0,0 -1,-3 -3,-4 -4,-3 -4,-9 0,-2 1,-6 -1,-7 -2,-2 -20,17 -21,19 -4,3 -6,4 -9,8z"/>
   <path class="fil0" d="M224 800c2,2 14,8 17,8l18 0c5,1 -1,1 5,0l23 -4c4,-1 6,-2 11,-3 7,-3 13,-4 21,-6 6,-2 4,-2 6,-3 10,-6 18,-3 21,-3 8,0 83,-22 95,-25l25 -7c24,-7 52,-14 75,-21l188 -52c3,0 11,-3 13,-3l-12 -2c-9,-2 1,-2 -11,-1 -4,0 -5,-1 -8,-1 -17,-2 -23,0 -23,-13 -10,-2 -23,-3 -34,-4 -10,-1 -16,2 -29,7 -19,6 -38,12 -57,19l-337 111c-4,1 -5,0 -7,3z"/>
   <path class="fil0" d="M380 804c0,6 7,4 11,6 4,3 -1,4 12,2l179 -38c6,-2 11,-3 17,-4l51 -11c6,-1 11,-2 17,-4 12,-2 24,-4 34,-7l162 -34c10,-2 71,-14 77,-17 1,-6 4,-8 -15,-9 -6,0 -14,-2 -20,-2 -5,0 -5,-1 -9,-1 -3,0 -5,1 -9,2 -6,1 -12,3 -18,4 -5,2 -11,3 -17,4l-88 20c-32,8 -73,18 -104,25l-210 48c-18,5 -43,11 -62,13 -2,0 -8,1 -8,3z"/>
   <path class="fil0" d="M732 402c1,5 2,11 3,16 1,6 2,11 3,16l18 100c0,-4 2,-4 5,-5 8,-4 25,-11 27,-14 3,-12 -3,-10 -7,-12 -14,-4 -5,-2 -16,-1 -1,-3 0,-3 -7,-3l31 -16c7,-3 6,-6 6,-14 -5,-3 -8,-4 -14,-6 -7,-2 -8,-4 -15,-1l-1 -4 29 -15c8,-4 10,-2 10,-17 -9,0 -2,-1 -14,-3 -6,-2 -4,-2 -8,-4 -2,-1 -2,0 -4,-1 4,-8 -4,-17 -14,-17 -5,0 -8,5 -16,7l0 -12c-7,0 -11,1 -16,6z"/>
   <path class="fil0" d="M993 467c0,7 1,10 2,15 2,17 1,14 17,9 4,-2 8,-4 12,-5 0,-17 -7,3 -10,-10 5,-1 8,-3 12,-4 0,-16 -11,-14 -22,-10l-11 5z"/>
   <path class="fil0" d="M759 561c6,1 6,-2 15,-4 2,-1 5,-2 6,-4 1,-1 2,-7 2,-9 -8,-5 -9,-3 -15,-3 -3,0 -1,-1 -5,-2 -3,-2 -3,-1 -6,-2 0,10 3,16 3,24z"/>
   <path class="fil0" d="M688 336c0,3 1,4 4,5 6,1 17,4 23,4l0 -13c-2,-1 -5,-1 -7,-2 -3,-12 0,-11 -13,-3 -3,2 -7,4 -7,9z"/>
   <path class="fil0" d="M527 299l24 6c7,1 6,0 6,-9 0,-3 0,-3 -1,-5 -12,-1 -6,-9 -10,-9 -3,0 -8,6 -10,8 -4,2 -8,5 -9,9z"/>
   <path class="fil0" d="M611 316c2,1 4,1 6,2 3,1 5,1 7,2 4,1 10,3 14,3 2,-7 1,-10 1,-18 -9,-6 -8,-4 -22,5 -3,2 -5,2 -6,6z"/>
   <path class="fil0" d="M835 364l0 11c1,1 20,8 20,1l-1 -9c-2,-1 -4,-1 -6,-2 0,-12 -4,-7 -13,-1z"/>
   <path class="fil0" d="M901 377l0 11c7,4 10,4 17,4l0 -17c-8,-4 -11,-2 -17,2z"/>
   <path class="fil0" d="M961 404c0,2 0,1 1,4 16,1 15,8 15,-10 -5,-2 -6,-1 -6,-8 -6,0 -10,-2 -10,14z"/>
   <path class="fil0" d="M771 629c0,6 -2,22 6,22 4,0 3,-4 3,-14 0,-12 -9,-14 -9,-8z"/>
   <path class="fil0" d="M1002 522c2,-1 4,-1 7,-2 2,-1 5,-2 7,-3 -1,-3 -1,-3 -1,-7l-15 -1c0,5 -2,6 2,13z"/>
   <path class="fil0" d="M1005 548c0,11 2,7 11,5 -1,-3 -1,-3 -1,-7 -4,0 -10,-3 -10,2z"/>
   <path class="fil0" d="M1011 590c4,-1 4,-3 5,-7 -6,-4 -5,-7 -7,-4 0,2 2,9 2,11z"/>
   <path class="fil0" d="M538 275c-4,0 -3,-1 -4,3 3,-2 2,0 4,-3z"/>
   <path class="fil0" d="M619 292l0 0c0,0 0,0 0,0z"/>
   <polygon class="fil0" points="538,275 540,274 "/>
  </g>
</svg>