<svg style="position: absolute; height: 169.5%; max-height: 1000px; margin: -15.45% -15.3% -15.5%; mix-blend-mode: overlay; fill: rgb(39, 231, 39);" id="svgmask" xmlns="http://www.w3.org/2000/svg" xml:space="preserve" version="1.1" viewBox="0 0 1100 1100" xmlns:xlink="http://www.w3.org/1999/xlink">
  <g id="_347132279872">
   <path class="fil0" d="M990 450l0 -7c2,-1 3,-3 5,-3 4,0 15,6 7,18 -8,0 -12,-5 -12,-8zm-223 -44l0 -7c2,-1 3,-3 5,-3 14,0 14,20 5,20 -5,0 -10,-5 -10,-10zm213 -177l0 -5c4,-3 3,-3 7,-3 9,0 10,19 3,19 -6,0 -10,-7 -10,-11zm-108 -27l0 6c10,1 8,3 8,5 -4,-1 -11,-3 -15,-3 1,-3 4,-6 7,-8zm-103 -24c0,-13 17,-11 17,5l0 2c-1,1 -5,4 -6,4 -6,0 -11,-5 -11,-11zm-53 35l0 7c14,10 9,-2 19,-5 0,19 1,35 1,55l0 109c-3,2 -6,5 -9,8 -4,2 -7,5 -10,7 0,10 0,29 2,37 1,6 7,24 11,28 19,20 16,23 30,13l10 -7c9,8 31,9 46,11l123 22c3,1 7,2 11,3 6,1 10,-1 14,1 -2,2 -8,6 -11,7 1,4 4,5 7,7 7,-4 13,-7 19,-11l20 -11c4,-2 12,-9 15,-15 11,-16 8,-34 8,-54 0,-4 -15,-18 -18,-20 0,-47 -3,-91 -3,-138 3,-2 5,-4 8,-6 3,-2 5,-4 9,-6 -1,-3 -1,-11 -5,-22l-5 -8c-1,-2 -1,-3 -2,-5l-16 -18c-2,-2 -14,-10 -17,-10 -2,0 -4,1 -5,2 -16,14 -10,12 -29,8 0,-10 0,-7 -5,-12 -2,-3 -1,-3 -4,-5 -2,-1 -4,-2 -7,-2 -29,-10 -25,-14 -43,4 -4,4 -11,12 -15,15 0,-4 -1,-5 1,-8 1,-1 5,-6 2,-10 -1,-3 1,-2 -3,-2 0,-7 -5,-15 -8,-20 -6,0 -9,-1 -14,-1 -14,-1 -20,-4 -25,1 -9,8 -4,8 -16,6 -1,-6 -3,-11 -5,-17 -3,-8 -6,-5 -15,-5 -5,0 -5,0 -9,2 -7,4 -13,9 -19,14 -11,12 -31,25 -36,41 -1,4 -2,6 -2,10z"/>
   <path class="fil0" d="M79 813l0 2c2,1 5,2 7,3 0,8 -1,11 -1,18l-1 59c-8,7 -6,2 -6,25 0,3 4,10 6,12 14,15 11,6 17,6 13,0 56,4 71,5 6,0 2,1 14,1l22 1c2,1 3,11 23,-9 3,-2 4,-3 5,-6 -6,1 -5,4 -9,7 -3,2 -3,0 -6,2 -2,0 -9,8 -12,-3l7 -5c-4,-2 -7,-1 -10,1 -4,-8 -3,-3 -3,-14 0,-21 -8,-17 -17,-18 -17,-3 -3,-4 -22,-4 -5,0 -23,14 -28,18 -5,3 -10,6 -14,9 -10,7 -18,16 -30,0 -4,-5 -4,-11 -4,-20 0,-6 1,-7 1,-11 0,-4 0,-8 0,-12l0 -65c1,-6 0,-1 2,-5 1,-5 -2,-2 1,-8 4,-8 8,-10 14,-16 3,-1 2,0 3,-3 -13,1 -30,22 -30,30z"/>
  </g>
</svg>
<svg style="position: absolute; height: 170%; mix-blend-mode: overlay; fill: black; filter: invert(13%); margin: -15.5%;" id="svgmask2" xmlns="http://www.w3.org/2000/svg" xml:space="preserve" version="1.1" viewBox="0 0 1100 1100" xmlns:xlink="http://www.w3.org/1999/xlink">
  <g id="_346967214512">
   <path class="fil0" d="M90 806c0,2 0,1 1,4 -2,1 -3,1 -3,4 0,15 -2,70 1,81 -3,5 -2,10 -2,16 0,6 3,12 6,15 14,14 22,2 35,-6 3,-3 31,-20 35,-24 3,-5 9,-9 14,-12 2,-1 3,-2 5,-4l167 -117c3,-2 7,-5 10,-7l20 -14c3,-2 7,-5 10,-8 2,-1 3,-2 5,-3l25 -18c3,-1 4,-2 6,-3 2,-2 3,-3 5,-4l20 -14c2,-1 2,-2 5,-3l101 -71c2,-2 3,-3 5,-4l166 -117c2,-1 3,-2 5,-4l16 -10c2,-2 3,-2 4,-5 -6,-1 -12,-8 -16,-13 -11,-14 -15,-21 -18,-41 0,-5 1,-10 0,-15 -1,-4 -1,-8 -1,-14 7,-5 13,-11 20,-16 0,-7 -1,-11 -1,-19l0 -126c0,-8 -1,-12 -1,-20 -4,3 -8,6 -11,10 -7,-4 -6,-1 -8,-10 -8,5 -13,13 -20,18l-88 83c-2,1 -3,3 -5,4 -2,3 -3,3 -5,5 -3,2 -7,6 -10,9 -3,4 -6,6 -10,9 -12,13 -26,24 -39,37l-39 37c-10,8 -20,20 -29,28l-15 13c-2,3 -3,3 -5,5 -8,7 -21,21 -29,28l-138 129c-7,6 -13,12 -20,18l-49 46c-3,4 -6,6 -10,9 -8,9 -5,4 -14,14l-25 23c-5,4 -9,10 -14,14 -2,3 -3,3 -5,5 -7,6 -12,13 -20,18 -8,7 -15,17 -24,23 -5,3 -13,11 -13,17z"/>
   <path class="fil0" d="M208 936c1,3 3,5 6,7 13,-7 5,-3 11,-5 5,-2 3,-4 11,-8l335 -196c20,-11 71,-42 89,-51l47 -28c4,-2 7,-4 11,-7l47 -28c5,-2 8,-4 12,-7l12 -6c30,-17 68,-40 99,-59 3,-1 4,-2 7,-3l59 -35c9,-6 10,-5 10,-9 -3,-2 -14,-1 -18,-2 -20,-4 -16,-5 -30,3 -4,3 -7,5 -11,7l-688 419c-7,4 2,1 -6,6 -2,2 0,1 -3,2z"/>
   <path class="fil0" d="M203 945l0 0c0,0 0,0 0,0z"/>
  </g>
</svg>

<style>
#colorimgblock {height: 70%;margin: 0% auto -5%;}
</style>