<svg style="position: absolute; height: 169.5%; max-height: 1000px; margin: -15.45% -15.3% -15.5%; mix-blend-mode: overlay; fill: rgb(39, 231, 39);" id="svgmask" xmlns="http://www.w3.org/2000/svg" xml:space="preserve" version="1.1" viewBox="0 0 1100 1100" xmlns:xlink="http://www.w3.org/1999/xlink">
  <g id="_347132276672">
   <path class="fil0" d="M1035 602c0,-4 2,-10 5,-13 5,-4 11,-2 14,1 10,10 2,39 -15,22l-3 -4c0,-2 -1,-4 -1,-6zm-273 -54c20,0 21,26 10,32 -16,8 -28,-13 -18,-28 1,-2 5,-4 8,-4zm237 -209c0,-11 1,-7 5,-13 14,0 8,2 18,9 0,14 2,21 -10,21 -9,0 -13,-8 -13,-17zm-202 -45c0,-24 17,-17 21,-12 4,4 6,6 6,11 1,7 2,6 -2,12 -7,13 -25,3 -25,-11zm192 -3c0,5 4,6 9,6 0,19 -1,9 -21,7l0 -11c3,-2 11,-7 12,-6 3,1 0,1 0,4zm-94 -17c3,-2 5,-3 8,-5 18,-10 15,-2 15,16 -7,0 -16,-4 -23,-6l0 -5zm-88 -17l0 -2c6,-3 11,-8 17,-11 0,11 0,9 9,11l0 13c-4,0 -9,-2 -13,-3 -4,-1 -9,-3 -13,-3l0 -5zm-90 49c8,0 2,7 14,12 3,2 2,1 7,2 9,2 17,8 26,9 0,17 -5,15 -24,27 -5,3 -9,6 -14,9 -9,5 -12,5 -12,11 4,0 6,-2 9,-4l14 5c5,1 2,0 6,1 9,5 11,0 9,12l-1 2c-1,5 -9,8 -13,10 -1,1 -2,1 -3,2 -3,1 -2,1 -4,2 -2,1 -5,3 -7,4 -2,1 -4,3 -7,4 -3,1 -4,3 -7,4 -6,3 -9,6 -9,14 0,6 19,-11 30,-7 4,2 6,3 12,3 0,14 -1,13 -21,23 -5,2 -9,5 -15,7 -15,8 -14,9 -18,28 0,4 1,4 5,3 7,-3 23,-13 29,-15 2,0 7,1 11,1l-1 12c-6,1 -37,17 -44,22 -5,2 -4,5 -5,9 -5,30 -12,30 25,13 4,-2 7,-4 11,-4 -1,4 -7,5 -11,7l-25 12c-13,7 -13,3 -13,19 0,20 -5,35 6,29 7,-3 13,-5 19,-8 5,-2 15,-7 21,-7 20,0 14,22 14,35 -10,2 -20,7 -30,11l-30 12c0,11 -1,5 5,14 7,0 9,1 15,1 7,0 10,1 16,1 13,0 29,-12 39,-11 10,2 20,3 31,3 9,0 13,4 19,0 3,4 4,2 7,2 1,1 3,2 3,2 3,0 3,-2 6,-2 2,0 2,3 5,4l55 4c12,0 32,4 44,5 60,7 37,1 44,14 4,6 14,5 23,6 16,2 56,-10 74,-13 1,-1 7,-2 8,-2 1,-1 3,-4 5,-5l0 -10c-10,-3 -8,-17 -8,-25 0,-8 2,-7 7,-10l1 -39c0,-6 -4,-11 -8,-14l-14 -9c0,-14 -5,-31 -7,-45l-17 -113c-1,-5 -4,-16 -3,-21l2 -2c2,-2 6,-3 9,-5 4,-5 1,-10 1,-16 0,-6 0,-12 0,-18 0,-4 -1,-3 -1,-8 0,-15 0,-31 -2,-45 -1,-5 -3,-9 -8,-11 -24,-10 -20,3 -37,7 0,-7 1,-14 -4,-18l-1 -1c-8,2 -14,7 -20,11 -3,-1 -4,-2 -8,-2 0,-16 3,-16 -4,-24 -3,-4 -15,-10 -20,-10 -5,0 -14,7 -18,10 -8,5 -6,1 -6,-16 -6,-3 -14,-4 -22,-4 -8,0 -11,3 -16,6 -4,3 -9,8 -14,9 -11,-17 -5,-23 -25,-9l-12 9c-3,2 -6,4 -9,5 1,-5 9,-6 9,-12l-1 -16c-6,-5 -15,-7 -23,-7 -4,0 -6,2 -9,4l-68 50c-10,7 -8,13 -9,31 0,4 0,9 0,13 -3,14 8,1 12,1z"/>
   <path class="fil0" d="M137 609c0,9 2,23 6,30 4,7 9,15 15,20 2,2 2,2 3,3 2,1 2,1 3,3 11,8 9,5 31,-11l66 -48c-6,-28 -37,-51 -63,-51 -14,0 -33,6 -42,15 -10,9 -19,25 -19,39z"/>
   <path class="fil0" d="M48 863l-2 0c-6,0 -12,8 -12,8 0,8 23,0 23,0 2,0 10,1 14,1l50 0c8,0 6,1 22,1 13,0 3,2 26,2 4,0 7,-2 7,-6 -7,-2 -11,2 -14,-2 -3,-2 -2,-2 -6,-3 0,-4 1,-5 -3,-6 -14,-7 -5,7 -21,1 -7,-2 -2,-5 -27,-5 -20,0 -11,2 -20,3 -9,1 -18,6 -23,7 -2,0 -10,-1 -14,-1z"/>
   <path class="fil0" d="M39 840c-4,1 -5,3 -6,7 -1,16 10,9 13,4 5,-9 9,-1 13,-6 -1,-2 0,-1 -3,-2 -1,0 2,1 -2,1 -2,-1 0,0 -2,-1 -3,-2 -5,-2 -9,-3l0 -2c3,-1 11,-4 13,-7 -2,-4 -6,-5 -11,-6 0,0 0,0 -1,0 0,1 -9,7 -5,15z"/>
   <path class="fil0" d="M52 749c0,8 -2,8 0,15 3,-1 7,-3 10,-5 3,-3 3,-8 3,-12 3,-1 3,-1 4,-4 -9,-4 -11,2 -17,6z"/>
   <path class="fil0" d="M45 822c3,0 4,-4 11,-5 0,-5 -2,-5 -7,-6 -9,6 -8,11 -4,11z"/>
   <path class="fil0" d="M47 804c4,0 2,0 5,-1 6,-4 1,-6 1,-6l-4 2c-3,2 -2,0 -2,5z"/>
   <path class="fil0" d="M52 786c4,0 5,-1 7,-3l-2 -3c-3,2 -5,1 -5,6z"/>
  </g>
</svg>
<svg style="position: absolute; height: 170%; mix-blend-mode: overlay; fill: black; filter: invert(13%); margin: -15.5%;" id="svgmask2" xmlns="http://www.w3.org/2000/svg" xml:space="preserve" version="1.1" viewBox="0 0 1100 1100" xmlns:xlink="http://www.w3.org/1999/xlink">
  <g id="_347132279264">
   <path class="fil0" d="M61 744c3,-1 3,-2 4,0 2,1 0,1 -2,2 0,8 -2,13 -10,15 0,-5 1,-6 1,-12 0,0 0,0 0,1 0,0 -1,0 -1,0l0 2c0,0 -1,3 -1,3 0,3 0,5 0,8 -2,1 -3,2 -5,3 -2,2 -3,2 -5,4 -3,2 -9,5 -10,8 -1,6 5,4 7,4 1,0 3,0 3,1 10,2 7,0 15,-1 -1,5 -6,4 -13,8 -3,2 -6,3 -8,6 5,7 15,3 17,3 -1,3 0,3 -3,4l-5 2c-2,1 -3,2 -4,3 -4,2 -3,0 -5,3 3,4 5,3 9,5 1,-2 -2,-2 3,-3 4,-1 4,0 6,1 -2,2 -5,5 -8,6 -5,2 -5,4 -10,5 1,3 0,2 3,3 5,2 1,-4 14,2 -6,8 -13,2 -9,11 5,1 9,3 14,3l0 1c-7,0 -10,-1 -13,3 -3,3 -4,6 -9,7 -1,-3 0,-1 -2,-3 0,9 -2,1 -4,8 3,1 3,1 6,0l0 2c-3,1 -3,1 -6,2 1,3 1,4 5,4 5,0 4,-1 6,-3 4,-3 12,0 16,1 9,2 20,-7 31,-7 5,-8 15,-9 24,-12l121 -42c6,-2 12,-4 18,-7l380 -132c12,-4 37,-11 47,-16 -4,-5 -5,-4 -5,-12 11,-3 33,-13 45,-17 4,-2 10,-5 15,-6l0 -30c-5,-3 -12,-12 -23,-7l-34 14c-5,3 -5,-1 -4,-8l1 -15c0,-5 0,-11 0,-16l41 -19c8,-4 6,-2 10,-10 -6,0 -6,1 -11,3 -7,3 -25,12 -31,13 0,-5 2,-13 4,-18 2,-12 -1,-10 9,-14 10,-6 20,-10 30,-16 7,-3 11,-3 11,-12 0,-10 -3,-6 -9,-8 -5,-2 -14,5 -19,8l-16 7c0,-9 3,-13 4,-21l44 -22c5,-3 5,-10 6,-16 -4,-2 -15,-6 -22,-6 -6,0 -15,8 -21,9 1,-9 5,-9 12,-13 3,-2 5,-3 8,-5 1,-1 2,-1 4,-2l20 -12c8,-4 8,-10 8,-18 -2,-1 -5,-2 -8,-3 -4,-1 -4,-2 -8,-3 -7,-1 -10,-3 -17,-5 3,-4 9,-6 13,-8l26 -17c6,-4 5,-8 5,-17l-14 -4c-3,-1 -3,-2 -6,-3 -6,-3 -15,-2 -20,-7 -2,-3 0,-3 -3,-6 -3,-4 -7,-4 -11,-2 -2,2 -2,3 -6,3 0,-4 3,-18 2,-22 -1,-5 -9,2 -15,6 -23,18 -48,34 -72,52l-173 125c-3,2 -5,3 -7,5 -3,2 -5,3 -8,5l-122 89c-3,2 -5,3 -8,5l-33 23c-1,2 -1,2 -3,3 0,0 -3,2 -3,3 -3,1 -3,1 -5,0 0,6 -10,10 -14,13l-28 20c-4,3 -42,31 -44,31 -5,1 -17,-12 -20,-15 -3,-5 -7,-11 -9,-17 -1,-2 -2,-4 -3,-6 -4,-15 -2,-31 5,-44l6 -12c-6,0 -10,7 -14,11l-53 53c-3,3 -8,6 -9,10 0,4 3,-2 -1,3 -1,2 -1,2 -2,4 -1,2 -1,2 -2,4 -6,7 -3,3 -3,8 0,4 0,1 -1,5 -1,7 2,6 -2,11 3,4 5,10 6,15l1 3c0,3 0,1 2,4l12 13c8,7 10,7 -7,18 -9,6 -7,7 -18,7l0 2z"/>
   <path class="fil0" d="M154 863c1,5 1,1 4,4 4,2 0,3 8,3 4,0 46,-11 49,-12l242 -60c3,0 4,0 7,-1l74 -19c5,-1 8,-2 12,-3l186 -46c3,0 4,0 6,-1l69 -17c4,-1 7,-2 12,-3l137 -34c0,-18 3,-9 -27,-15 -10,-1 -21,-1 -30,-3 -11,8 -31,10 -45,14l-47 13c-8,2 -16,5 -23,7l-153 41c-4,2 -7,2 -11,4l-141 38c-45,12 -96,28 -141,39l-47 12c-8,3 -16,5 -23,7 -30,9 -64,17 -94,26l-24 6z"/>
   <path class="fil0" d="M1028 420c3,0 7,-2 9,-3 7,-4 20,-8 26,-12 0,-7 -2,-9 -10,-5 -4,-4 -3,-1 -4,-5 4,-1 4,-2 8,-3 3,-1 5,-3 8,-4 0,-11 -9,-16 -14,-16 -3,0 -23,10 -28,12 -5,2 -1,7 0,19 0,4 2,17 5,17z"/>
   <path class="fil0" d="M805 263c8,2 22,7 30,7l0 -16c-3,-1 -5,-2 -9,-2 0,-11 1,-13 -12,-3 -7,5 -9,2 -9,14z"/>
   <path class="fil0" d="M893 276c0,4 1,4 4,6l16 5c9,2 7,3 7,-18 0,-3 0,-3 -1,-5 -8,-2 -8,-1 -17,4 -2,1 -3,2 -5,3 -2,1 -4,2 -4,5z"/>
   <path class="fil0" d="M975 292c0,8 -1,7 1,14 6,0 16,4 22,5 3,-6 2,-10 1,-16 -4,0 -6,-1 -8,-2 0,-3 3,-9 -2,-9 -2,0 -12,7 -14,8z"/>
   <path class="fil0" d="M1031 436c-3,6 -2,10 0,17 5,-1 7,-2 10,-4 4,-1 7,-2 10,-4l0 -7 -7 -2c0,0 -2,0 -3,0 -4,0 -7,-1 -10,0z"/>
   <path class="fil0" d="M177 560c4,0 10,-3 18,-3 8,0 11,2 20,2l0 -6c-8,-4 -20,-4 -30,-4l-8 11z"/>
   <path class="fil0" d="M1038 496l6 -3c2,-1 5,-2 7,-3l0 -7c-2,-1 -2,0 -4,-1 -3,-1 0,0 -2,-1 0,0 -1,0 -1,0l-9 -1c0,5 2,12 3,16z"/>
   <path class="fil0" d="M1044 536l5 0 3 -6c-1,-2 -2,-4 -4,-5 -3,-2 -2,0 -3,-1 -1,0 -2,-1 -2,-1 0,6 0,8 1,13z"/>
   <path class="fil0" d="M166 562l9 0 0 -1c-4,0 -8,-3 -9,1z"/>
   <polygon class="fil0" points="42,873 45,873 45,872 42,872 "/>
   <path class="fil0" d="M55 748c3,-1 2,0 3,-2 -3,1 -1,0 -3,2z"/>
   <polygon class="fil0" points="177,560 176,560 177,561 "/>
   <polygon class="fil0" points="61,744 59,745 "/>
   <polygon class="fil0" points="55,748 54,749 "/>
 </g>
</svg>