<svg style="position: absolute; height: 169.5%; max-height: 1000px; margin: -15.45% -15.4% -15.5%; mix-blend-mode: overlay; fill: rgb(39, 231, 39);" id="svgmask" xmlns="http://www.w3.org/2000/svg" xml:space="preserve" version="1.1" viewBox="0 0 1100 1100" xmlns:xlink="http://www.w3.org/1999/xlink">
  <g id="_346967258864">
   <path class="fil0" d="M1072 373l5 0c2,3 4,4 4,9 1,8 -10,10 -13,0 -1,-3 0,-9 4,-9zm-214 -44c10,0 10,9 10,15 -3,2 -6,7 -13,1 -6,-5 -3,-16 3,-16zm200 -161c0,-4 -1,-7 5,-7 6,0 9,7 10,12 -11,13 -15,-3 -15,-5zm-104 -26l0 6c5,0 4,1 8,1l0 3c-7,0 -9,-2 -15,-2 0,-5 4,-6 7,-8zm-99 -24c0,-10 12,-9 15,1 4,14 -15,12 -15,-1zm-53 35c0,5 4,9 7,9 5,0 10,-12 12,-6l0 68c0,16 1,29 1,44 0,15 0,30 0,45 -4,2 -5,4 -9,6 -3,3 -5,5 -9,7 0,26 -2,24 4,46 3,12 13,25 22,32l6 5c25,-17 12,-12 40,-6l141 25c12,2 22,2 25,3l0 2c-5,1 -5,4 -10,5 1,4 4,5 7,7l4 -3c20,-12 49,-20 54,-47 2,-12 3,-35 -1,-42 -1,-2 -13,-14 -15,-15l-1 -67c-2,-9 -1,-22 -1,-33 0,-12 -1,-21 -1,-33 3,-2 5,-3 8,-5 3,-3 5,-5 8,-6 0,-16 -6,-26 -13,-39l-13 -13c-17,-15 -20,-9 -26,-4 -3,2 -6,5 -9,7 -4,-1 -11,-3 -15,-3 0,-12 -4,-16 -16,-20 -29,-9 -21,-13 -40,5l-15 14c0,-5 -1,-4 2,-7 3,-6 1,0 1,-12l-3 0c0,-8 -1,-7 -4,-14 -2,-6 -11,-5 -25,-7 -5,-1 -10,-1 -14,-2 -8,11 -11,10 -18,10 0,-3 -6,-18 -7,-21 -15,0 -21,-1 -35,10l-32 32 -6 10c-1,3 -4,10 -4,13z"/>
   <path class="fil0" d="M2 905c0,2 2,3 4,3l-2 52c-3,5 -3,-3 -3,14 0,7 6,12 11,16 2,-2 -1,1 2,-1 1,-1 1,-1 2,-2l69 3c10,0 6,8 15,-1 2,-2 4,-4 5,-7 -12,3 -11,11 -16,2 -12,0 -12,-1 -18,-1 -6,0 -13,0 -19,0 -5,0 -4,-1 -8,-1 -19,-1 -22,2 -31,2 -8,-12 -9,-8 -5,-24 1,-7 -1,-47 1,-58 2,-10 8,-9 11,-13 -6,-5 -18,11 -18,16z"/>
  </g>
</svg>
<svg style="position: absolute; height: 170%; mix-blend-mode: overlay; fill: black; filter: invert(13%); margin: -15.5%;" id="svgmask2" xmlns="http://www.w3.org/2000/svg" xml:space="preserve" version="1.1" viewBox="0 0 1100 1100" xmlns:xlink="http://www.w3.org/1999/xlink">
  <g id="_346966777040">
   <path class="fil0" d="M6 977c11,8 6,14 23,0l20 -13c2,-2 4,-3 6,-5 3,-2 4,-3 7,-4 2,-2 4,-3 6,-5 2,-1 4,-3 6,-4l199 -140c15,-11 31,-20 45,-32l32 -22c24,-16 47,-33 71,-50 15,-10 30,-20 45,-31l19 -14c2,-2 4,-3 7,-4l19 -14c2,-2 4,-3 6,-5l32 -22c2,-2 4,-3 7,-4 4,-4 8,-6 12,-10l219 -153c2,-2 4,-3 6,-5 8,-5 42,-28 45,-32 -2,-1 -4,-1 -7,-3 -6,-6 -12,-12 -17,-19 -4,-7 -8,-18 -9,-27 -1,-10 -1,-22 -1,-32 6,-4 12,-10 19,-14 0,-8 -1,-11 -1,-19l0 -100c0,-14 -1,-25 -1,-40 -5,0 -8,5 -12,8 0,0 0,-1 -1,0l-1 -2c-4,-2 -4,-3 -4,-8 -2,2 -4,3 -6,6 -1,1 -2,2 -3,3l-30 27c-5,4 -8,9 -13,13l-52 49c-3,3 -3,3 -6,6l-20 18c-4,5 -7,9 -13,12 -5,5 -11,11 -16,16 -5,3 -8,8 -13,12 -2,2 -2,2 -4,3l-12 13c-3,2 -4,3 -7,6l-30 27c-1,1 -2,2 -3,3l-39 37c-1,1 -2,2 -3,3 -2,2 -2,2 -4,3 -4,4 -8,10 -13,13l-85 79c-4,4 -8,10 -13,13 -3,3 -4,3 -7,6l-26 25c-3,3 -3,3 -6,6l-20 18c-2,2 -4,5 -6,6 -3,3 -4,3 -7,6 -2,3 -4,4 -6,7l-7 6c-5,4 -8,9 -13,12l-13 12c-1,1 -2,2 -3,3 -1,1 -1,1 -3,3l-92 86c-3,3 -4,4 -7,6l-26 25c-2,3 -4,3 -6,6l-20 18c-13,13 -26,24 -39,37l-10 10c-5,5 -62,59 -68,64 -6,4 -11,10 -17,15 -1,1 -2,2 -3,3 -6,6 -5,13 -5,21 0,6 -1,7 -1,12 0,8 0,17 0,25l-1 25z"/>
   <path class="fil0" d="M88 984l3 4c0,0 0,0 0,1 1,0 1,0 1,0l97 -55c2,-2 5,-3 7,-5 5,-3 10,-6 15,-9l15 -8c2,-2 5,-3 7,-5l97 -57c6,-3 10,-5 15,-8l96 -57c3,-1 5,-3 8,-4l44 -26c3,-2 5,-3 8,-4 3,-2 4,-3 7,-5l90 -52c25,-16 63,-37 89,-52 28,-17 69,-40 96,-57 35,-21 78,-44 112,-65 32,-20 72,-41 104,-61 5,-3 10,-6 15,-9l23 -13c3,-2 5,-3 5,-7 -20,0 -20,-6 -29,0l-155 93c-20,13 -39,24 -59,36l-178 106c-5,3 -9,6 -14,9l-45 27c-10,6 -19,11 -29,18l-148 88c-20,12 -39,23 -59,36 -11,6 -20,11 -30,17l-133 80c-5,3 -10,6 -15,9 -3,1 -56,34 -60,35z"/>
  </g>
</svg>
<style>
#colorimgblock {height: 70%;margin: 0% auto -5%;}
</style>