<svg style="position: absolute; height: 169.5%; max-height: 1000px; margin: -15.35% -15.3% -15.5%; mix-blend-mode: overlay; fill: rgb(39, 231, 39);" id="svgmask" xmlns="http://www.w3.org/2000/svg" xml:space="preserve" version="1.1" viewBox="0 0 1100 1100" xmlns:xlink="http://www.w3.org/1999/xlink">
  <g id="_346967231184">
   <path class="fil0" d="M999 440c2,0 15,7 7,19 -5,0 -10,1 -12,-9 -2,-7 3,-10 5,-10zm-230 -33c0,-17 16,-13 16,3 0,7 -7,9 -12,4 -2,-1 -4,-4 -4,-7zm234 -3l0 0c0,0 0,0 0,0zm-13 -184c9,5 8,8 8,16 -4,3 -3,3 -7,3 -2,0 -11,-7 -6,-15 2,-4 1,-2 5,-4zm-116 -19l0 6c1,0 5,1 6,1 3,1 3,0 3,4l-15 -5 6 -6zm100 -2l1 0 0 3 -1 0 0 -3zm-203 -22c0,-17 24,-6 16,10 -12,3 -16,-5 -16,-10zm-54 34c0,7 4,9 9,12 2,-3 7,-7 10,-9 0,13 1,25 1,39 0,14 0,27 0,41 0,7 1,11 1,19l0 65 -12 10c-2,1 -2,1 -3,2 -8,6 -4,9 -4,18 0,5 0,10 0,15 2,8 2,16 6,24 1,3 4,7 5,10l10 12c2,2 2,3 3,5l9 6 21 -14c6,4 14,5 22,6 25,4 48,10 73,14 8,1 68,11 73,13 9,4 20,0 26,3 -3,4 -9,6 -12,10 4,1 4,3 7,5 6,-2 7,-3 12,-6l18 -10c5,-3 15,-8 19,-12 11,-12 15,-21 15,-40l1 -18c0,-9 -8,-15 -13,-21 -2,-3 -5,-4 -6,-6 -2,-3 -1,-17 -1,-22 0,-9 -1,-15 -1,-23 0,-8 0,-15 0,-23l-1 -23c0,-17 -1,-30 -1,-46 6,-3 11,-8 17,-12 0,-19 -13,-43 -28,-55 -2,-1 -2,-1 -3,-3l-13 -7c-1,0 -1,0 -1,0l-11 7c-9,9 -5,7 -16,5 -3,-1 -4,-1 -7,-2l0 -8c-6,-2 0,-6 -12,-10 -2,0 -2,0 -3,-1l-8 -3c-1,0 -1,0 -2,0 0,0 0,0 0,-1 -1,0 -1,0 -1,0l-11 -4c-3,-1 1,-1 -8,-1 -2,4 -5,5 -8,9l-6 5c-3,2 -12,13 -15,14 0,-6 -1,-7 3,-8l0 -10c-4,-1 -2,-1 -3,-6 -1,-4 -1,-3 -3,-6 -1,-2 0,0 -1,-3 -1,-1 -1,-2 -2,-3 -1,-2 0,-1 -2,-2 -4,-2 -8,-2 -12,-2 -3,0 -4,-1 -7,-2 -3,0 -6,0 -9,0 -10,-2 -7,-3 -17,6l-3 4c-5,0 -3,-2 -8,-2 -1,-4 -2,-7 -3,-12 -2,-6 -2,-5 -5,-10 -7,0 -16,0 -23,3 0,1 -2,1 -2,2l-8 5c-9,6 -17,18 -26,25 -2,2 -2,2 -4,4 -7,7 -16,17 -16,28z"/>
   <path class="fil0" d="M75 818c0,2 4,3 6,3 0,27 -1,51 -1,79 -9,2 -7,10 -7,19 0,8 3,15 8,19 10,12 11,7 16,4 4,2 36,4 42,4 7,0 9,1 15,1l37 2c15,3 9,-1 19,5 7,-5 4,-2 17,-10 5,-5 6,-10 -2,-5 -25,17 -16,-2 -16,-4 -3,2 -2,2 -4,5l-26 -2c-7,-1 -20,-1 -28,-1l-39 -3c-7,-1 -12,10 -23,-2 -8,-9 -7,-20 -7,-32 3,-1 1,0 3,-2 -3,-13 -1,-64 -1,-82 3,-1 1,0 3,-2 -3,-13 16,-20 18,-27 -4,1 -10,3 -12,6l-2 1c0,0 0,0 0,1 0,0 -1,0 -1,0l-9 8c-4,4 -6,9 -6,15z"/>
  </g>
</svg>
<svg style="position: absolute; height: 170%; mix-blend-mode: overlay; fill: black; filter: invert(13%); margin: -15.5%;" id="svgmask2" xmlns="http://www.w3.org/2000/svg" xml:space="preserve" version="1.1" viewBox="0 0 1100 1100" xmlns:xlink="http://www.w3.org/1999/xlink">
  <g id="_346967240688">
   <path class="fil0" d="M85 810l2 4c-2,2 -1,1 -4,2l0 73c0,7 -1,5 2,9 -5,3 -3,11 -3,18 0,3 4,12 5,14 12,17 19,4 34,-5l106 -75c12,-9 25,-17 36,-26 15,-11 31,-21 45,-32l26 -18c4,-3 7,-4 11,-7l45 -32c2,-1 3,-2 5,-4l112 -79c2,-1 3,-2 5,-3l20 -14c2,-1 3,-2 5,-4l103 -71c2,-2 3,-3 5,-4l87 -61c5,-4 17,-10 20,-15 -1,-2 -5,-5 -7,-6 -3,-2 -4,-5 -7,-7 -1,-2 -1,-2 -2,-4 -2,-1 -2,-2 -4,-3 -13,-18 -13,-43 -13,-67 7,-4 12,-10 19,-14l-1 -166c-5,1 -8,7 -12,9 -5,-3 -7,-3 -7,-10 -8,4 -37,35 -44,41 -12,10 -24,22 -36,32 -3,3 -6,7 -9,10l-80 74c-1,2 -3,3 -4,5 -3,2 -3,2 -6,4l-119 112c-14,15 -34,31 -49,47 -2,1 -3,3 -5,5l-75 69c-16,16 -34,31 -50,47l-19 19c-2,2 -3,2 -5,4 -7,6 -14,13 -21,18 -2,2 -2,4 -4,6 -14,14 -34,31 -50,46 -2,2 -2,2 -5,4l-29 29c-1,0 -3,2 -3,2l-1 1c-4,6 -11,10 -15,17l-3 4c-1,3 0,1 -1,2z"/>
   <path class="fil0" d="M206 944c3,1 1,-1 3,3 9,-2 15,-8 18,-9 10,-3 1,0 13,-6l296 -174c2,-2 4,-2 6,-4 3,-1 4,-2 6,-3l30 -18c4,-2 8,-5 12,-7l53 -31c2,-1 3,-2 6,-3l297 -174c2,-2 3,-2 5,-4 4,-2 3,-1 6,-4 4,-3 8,-4 11,-8 -5,-3 -3,-2 -13,-2 -6,0 -9,0 -14,-1l-46 27c-15,10 -30,19 -46,28l-640 383c-2,2 -3,3 -3,7z"/>
  </g>
</svg>
<style>
#colorimgblock {height: 70%;margin: 0% auto -5%;}
</style>