<svg style="position: absolute; height: 169.5%; max-height: 1000px; margin: -15.45% -15.4% -15.5%; mix-blend-mode: overlay; fill: rgb(39, 231, 39);" id="svgmask" xmlns="http://www.w3.org/2000/svg" xml:space="preserve" version="1.1" viewBox="0 0 1100 1100" xmlns:xlink="http://www.w3.org/1999/xlink">
  <g id="_347108153008">
   <path class="fil0" d="M958 628c0,-4 4,-14 11,-14 5,0 5,0 8,2 7,5 12,26 -9,26 -2,0 -3,-1 -4,-2 -3,-2 -6,-9 -6,-12zm-265 -21c-6,0 -15,-7 -15,-13 0,-11 0,-20 13,-20 5,0 21,9 12,27 -2,3 -6,6 -10,6zm238 -253c16,0 22,31 4,31 -8,0 -13,-10 -13,-13 0,-4 1,-3 1,-6 0,-3 -2,-1 -1,-6 1,-3 6,-6 9,-6zm-31 -33c2,-2 4,-3 7,-4 2,-2 4,-3 7,-4l0 11 8 0 0 14c-7,-1 -16,-3 -22,-5l0 -12zm-176 2c0,-5 0,-17 9,-17 21,0 25,33 6,33 -9,0 -15,-7 -15,-16zm95 -17l0 -4c18,-12 12,-7 25,-7l0 20c-3,-2 -21,-5 -25,-7l0 -2zm-87 -16c0,-2 1,-6 2,-7l17 -12 0 11c12,1 9,1 9,16 -4,0 -10,-2 -15,-3 -3,-1 -13,-3 -13,-5zm3 -21l0 1 -1 -1 1 0zm1 -1l-1 1 1 -1zm0 0c1,-2 0,-1 3,-2 -1,2 0,1 -3,2zm3 -2c3,-6 2,-15 2,-22 -5,-2 -10,-4 -15,-6 -9,-2 -11,-1 -17,3l-74 55c0,7 -3,29 -3,44 7,0 7,-5 12,-5 3,1 4,1 6,3 4,4 3,6 9,9 5,3 3,1 6,1 1,0 4,2 6,3 4,1 3,1 6,3 5,1 9,4 14,4 0,6 -1,7 -1,12 -14,7 -31,19 -44,28 -4,2 -5,2 -5,6 5,0 6,-3 9,-4 3,0 5,2 7,3 10,3 14,3 23,9 -5,11 6,6 -22,21l-20 12c-7,4 -10,6 -10,16 7,0 14,-7 20,-9 6,-3 17,2 23,5 -4,8 3,7 -8,13 -2,1 -2,2 -4,3 -3,1 -2,1 -5,2 -1,1 -3,2 -4,3l-9 5c-3,2 -6,3 -9,5 -5,3 -10,4 -11,10 -1,2 -1,3 -2,5 -1,5 -2,9 -2,13 8,0 30,-15 35,-16l10 3c-3,14 -1,9 -24,21 -3,2 -6,3 -10,5 -10,6 -14,5 -16,14 -2,8 -5,17 -5,26 3,0 3,0 5,-2 2,-1 3,-1 5,-2l24 -11c3,-1 4,-1 6,-2 0,6 -6,6 -10,8 -11,5 -29,12 -38,18 0,13 0,26 0,38 0,9 8,3 26,-3 2,-1 4,-1 6,-3 13,-7 6,-8 20,-3 7,1 8,4 8,11 0,7 0,13 0,20 -8,6 -20,9 -30,12 -8,3 -18,6 -26,10 -4,2 -2,0 -3,3 0,0 -3,1 0,7 4,5 8,5 14,5 12,0 22,4 33,-1 31,-12 25,-5 57,-4 6,0 12,3 17,-1l3 2c2,1 3,1 5,1 0,-3 0,-3 -1,-5 3,1 6,7 15,1 2,6 5,7 13,7l28 2c13,1 29,4 44,6 13,2 44,6 55,6 0,7 2,10 7,12 3,1 12,2 16,3 16,2 49,-7 65,-12 5,-1 12,-2 16,-3 2,-1 4,-3 5,-5 2,-2 1,-6 1,-9 -2,-1 -2,-1 -3,-3 -3,-1 -3,0 -4,-3 -2,-5 -3,-25 2,-28l5 -2c0,-40 8,-44 -22,-60 0,-10 -15,-97 -17,-111 -2,-15 -10,-55 -10,-68 2,-1 5,-2 7,-3 4,-1 3,-2 6,-4 0,-13 -1,-24 -1,-38 0,-7 -1,-10 -1,-18 0,-8 0,-13 -1,-19 -1,-13 3,-19 -16,-23 -11,-2 -14,1 -22,6 -3,2 -3,3 -7,3 -1,-5 -1,-8 -1,-14 -5,-4 -6,-4 -11,0 -12,7 -8,8 -21,5 0,-7 3,-16 -1,-21 -2,-3 -10,-8 -14,-10 -7,-5 -10,-3 -17,1 -4,3 -10,9 -15,10 0,-29 0,-19 -23,-22 -8,-1 -8,0 -15,5l-10 7c-3,3 1,2 -4,2 0,-2 -3,-7 -4,-9 -3,-7 -8,-9 -14,-5 -2,2 -4,3 -6,5 -4,2 -10,7 -14,8z"/>
   <path class="fil0" d="M374 500c4,0 7,-3 9,-5l33 -23c1,-1 3,-2 4,-3 2,-1 2,-2 4,-3 3,-2 5,-4 8,-6l75 -54c0,-9 -12,-33 -19,-42l-17 -20c-27,-24 -67,-36 -102,-19 -17,9 -20,13 -31,27 -5,7 -10,18 -12,27 -4,22 -3,9 -2,25 1,8 -1,13 3,26 1,6 3,10 4,15 3,8 3,7 7,13l11 18c7,10 4,5 9,10l16 14z"/>
   <path class="fil0" d="M223 812l4 5c-7,0 -23,0 -27,2 -29,13 -21,6 -28,6l-21 7c-12,4 4,3 -18,3 -6,0 2,-5 -13,1 -4,1 -6,2 -9,4 2,8 7,6 19,6 5,0 6,-2 11,-2l75 1c6,0 8,1 14,1l44 1c6,2 -4,4 22,4 7,0 18,-2 20,-9 -6,-3 -2,-1 -14,-1 -5,0 -5,-2 -10,-2l0 -4c-5,0 -4,-1 -9,-1l0 -3c3,-1 1,0 3,-2 -19,-13 -10,8 -27,-2 -3,-2 -22,-9 -25,-9l0 -1c5,0 12,1 15,-1 -1,-2 0,-1 -1,-2 0,0 0,-1 0,-1l-1 -1c-1,0 -1,0 -1,0 -3,1 -3,2 -4,2 -6,0 1,-3 -16,-3 -1,0 -3,1 -3,1z"/>
   <path class="fil0" d="M122 795l0 -1 1 1 -1 0zm0 0c0,0 0,0 -1,0 0,2 -6,2 -7,2 -4,5 -3,5 -3,18 0,9 3,6 8,4 3,-1 9,-3 11,-4 4,-3 -1,1 6,-10 6,0 5,1 8,-3 -1,-5 -3,-4 -9,-5 -3,-1 -8,-3 -11,-3 0,0 0,-1 1,0 0,0 0,-1 0,-1l5 -2c5,-2 15,-5 15,-12 -8,-2 -9,-7 -18,-3 -6,3 -8,9 -8,18 1,1 1,1 3,1z"/>
   <path class="fil0" d="M137 667l0 16c3,0 16,-9 20,-11 2,-2 2,-1 2,-4 2,-3 1,-8 1,-12 4,-2 8,-2 8,-8 -13,-3 -13,2 -27,12 -2,2 -4,3 -4,7z"/>
   <path class="fil0" d="M125 766c0,7 14,-3 17,-5 4,-2 4,-1 4,-6 -6,-1 -9,-3 -14,0 -4,2 -7,5 -7,11z"/>
   <path class="fil0" d="M133 743c3,0 9,-6 13,-7l0 -3c-3,-1 -2,-1 -4,-1 -5,0 -18,11 -9,11z"/>
   <path class="fil0" d="M150 708c-6,0 -15,6 -12,8 1,2 11,-3 12,-8z"/>
   <path class="fil0" d="M208 815l5 0c3,0 3,-1 3,-4l-5 0c-3,0 -3,1 -3,4z"/>
 </g>
</svg>
<svg style="position: absolute; height: 170%; mix-blend-mode: overlay; fill: black; filter: invert(13%); margin: -15.5%;" id="svgmask2" xmlns="http://www.w3.org/2000/svg" xml:space="preserve" version="1.1" viewBox="0 0 1100 1100" xmlns:xlink="http://www.w3.org/1999/xlink">
  <g id="_346967238800">
   <path class="fil0" d="M146 658c-5,1 -4,3 -8,5l-1 19c0,3 -3,4 -6,6l-21 14c0,4 0,4 1,7 5,1 3,1 7,0 4,0 5,1 7,2 3,0 5,1 7,2 4,1 5,0 5,4 -4,1 -11,6 -15,8 -3,3 0,3 -5,3 0,3 0,3 -1,5 5,3 14,4 21,4l3 -5 4 2c-2,3 -4,4 -7,5 -5,2 -10,6 -15,9 -4,2 -5,2 -6,7 5,3 8,3 14,3 6,-1 5,-5 14,-1 -2,3 -9,7 -13,9 -6,2 -10,5 -15,8 1,5 1,4 4,5 8,1 10,-4 15,-2 3,1 4,2 8,3 -1,3 -3,4 -6,5l-23 13c9,4 6,-3 14,-1 5,1 12,2 14,5 -4,2 -8,1 -11,6 -3,7 1,4 -6,6l-14 6c-2,1 -3,2 -4,4l2 3c4,-1 4,-2 9,-2l0 3c-4,1 -8,2 -11,4 1,3 0,3 3,5 2,1 4,1 7,1 3,-1 10,-3 13,-3 9,1 11,4 20,0 2,-1 4,-2 6,-3 7,-2 16,-4 21,-7 8,-4 20,-9 29,-9 2,-9 11,-3 17,-6 7,-2 -3,-1 18,-8l51 -17c5,-2 8,-4 13,-5 17,-6 35,-12 51,-18 42,-16 85,-28 127,-44 4,-1 8,-3 13,-4 4,-2 9,-3 13,-5l89 -31c5,-1 10,-2 13,-5 -5,0 -4,1 -6,-2 -5,-4 -6,-8 1,-10l48 -18c5,-1 4,-2 7,-4 0,-11 5,-30 -8,-34 -8,-2 -13,-5 -20,2 -5,4 -26,11 -32,11l0 -39c7,-5 16,-8 24,-11 2,-1 4,-2 6,-3 6,-3 13,-5 18,-9l0 -6c-5,0 -6,2 -10,4l-20 8c-3,2 -6,4 -10,4 1,-8 3,-16 5,-24 1,-7 12,-9 18,-12 7,-4 13,-7 20,-10 1,-1 9,-5 9,-6 2,-1 3,-9 3,-12 -5,-2 -6,-2 -11,-5 -1,1 0,0 -2,1l-6 3c-8,4 -18,11 -26,13 1,-5 2,-13 4,-17 1,-5 21,-14 26,-17 3,-1 4,-2 7,-4 4,-2 10,-4 14,-7 2,-3 2,-5 2,-9 1,-5 1,-6 -11,-9 -1,0 -4,-2 -8,-2 -4,0 -5,1 -8,3 -3,1 -10,6 -13,6 -3,1 -1,-5 0,-8 3,-1 4,-2 6,-3l42 -24c0,-4 2,-9 2,-13 -4,-2 -10,-6 -15,-7l-17 -5c4,-6 34,-21 40,-26 3,-2 5,-15 2,-16 -1,-1 -1,0 -3,-1 -7,-1 -18,-9 -24,-9 -3,0 -1,2 -7,-2 -6,-3 -8,-14 -17,-11l-7 5c0,-9 1,-15 1,-24 -5,0 -1,-1 -4,2 -23,16 -52,35 -73,52 -11,9 -25,18 -37,26 -16,12 -33,23 -48,35l-49 34c-5,4 -10,8 -16,12l-12 9c-2,1 -2,1 -4,3 -5,3 -11,10 -17,11 -6,-4 -10,-9 -15,-13 -14,-11 -27,-38 -31,-55 -2,-5 -5,-32 -4,-38 3,-12 6,-23 11,-33 3,-7 12,-11 7,-18 -7,5 -44,44 -55,54l-9 10c-1,0 -1,0 -2,1l-66 66c-7,8 -14,15 -22,22 -5,6 -17,18 -22,22 1,2 1,2 1,5 -5,3 -6,11 -10,15l-4 5c2,2 0,1 3,2 -2,4 -1,7 -2,13 -1,2 -1,5 -1,7 -1,3 -2,2 -2,6 1,5 1,-5 5,11l4 10c1,3 0,0 1,2 -2,2 -1,1 -2,4 5,5 4,1 7,6 11,20 33,23 14,37l-21 14c-1,1 -1,1 -2,2l0 10c-1,6 -4,6 -9,10 -4,2 -6,4 -10,6l0 -17c2,-1 6,-5 7,-6z"/>
   <path class="fil0" d="M281 832c0,5 1,3 5,4 5,1 3,1 4,4 14,3 4,2 14,1 2,0 4,0 6,0l165 -41c1,-1 3,-2 4,-2 31,-7 64,-16 95,-23l303 -75c6,-1 6,0 7,-5 0,-1 1,-5 1,-5 0,-3 -1,-2 -3,-3l-43 -4c-10,-2 -10,0 -19,2l-93 26c-34,10 -77,20 -111,30 -6,2 -12,3 -19,5l-56 15c-6,2 -11,4 -18,5 -6,2 -12,3 -19,5 -25,8 -50,14 -74,21 -13,3 -25,7 -37,10l-55 15c-7,1 -13,3 -19,5l-38 10z"/>
   <path class="fil0" d="M944 413c0,7 1,13 2,19 4,23 -1,18 32,4 13,-4 7,-8 5,-11 -3,1 -4,2 -6,2 -3,0 -1,-1 -5,-2l16 -9c0,-5 0,-6 -5,-12 -7,-7 -13,-3 -24,2l-15 7z"/>
   <path class="fil0" d="M384 320c12,0 32,-3 47,3 4,2 4,3 8,2l0 -7c-7,-5 -8,-5 -17,-7 -4,-1 -3,-1 -6,1 -1,-2 0,-3 -8,-4 -12,-1 -10,-4 -22,8l-2 4z"/>
   <path class="fil0" d="M732 282l0 10 28 7c0,-4 0,-8 0,-12 0,-2 4,-5 -8,-5l0 -12c-5,1 -15,11 -20,12z"/>
   <path class="fil0" d="M819 301l0 8c6,1 19,6 26,6l0 -21c-14,0 -7,-4 -20,4 -3,1 -4,2 -6,3z"/>
   <path class="fil0" d="M900 320l0 14c6,0 16,4 22,5l0 -15c-4,0 -3,-1 -7,-1 0,-4 -1,-5 -1,-11 -5,3 -9,5 -14,8z"/>
   <path class="fil0" d="M974 472l0 -7c-5,-3 -12,-2 -20,-2 -1,5 -3,3 -1,9 0,5 0,8 3,7 3,0 16,-6 18,-7z"/>
   <path class="fil0" d="M959 512c0,12 6,9 15,4l0 -7c-5,-2 -10,-2 -15,-2l0 5z"/>
   <path class="fil0" d="M966 556l1 6 5 0c1,-2 2,-5 3,-7l-6 -5c0,0 0,0 -1,0l-1 1c0,1 0,1 0,1 -1,1 -1,2 -1,4z"/>
   <path class="fil0" d="M362 329c4,0 9,0 11,-6 -5,-1 -8,1 -11,6z"/>
   <path class="fil0" d="M155 651c2,0 2,0 3,-1l3 -2c-4,0 -4,1 -6,3z"/>
   <polygon class="fil0" points="146,658 148,656 146,656 "/>
   <polygon class="fil0" points="152,653 153,653 152,652 "/>
   <polygon class="fil0" points="155,651 154,651 155,652 "/>
   <polygon class="fil0" points="152,653 151,653 152,654 "/>
   <polygon class="fil0" points="148,656 150,655 "/>
  </g>
</svg>